0.0000000000   4.9825160000   0.4121230000   4.4344330000 114.7964495347
0.5400000000   4.9826370000   0.4165660000   4.4453560000 114.9551163788
1.1600000000   4.9824160000   0.4178880000   4.4478050000 115.0905031981
1.7300000000   4.9824430000   0.4182690000   4.4473320000 115.1617096979
2.2700000000   4.9824610000   0.4183580000   4.4468110000 115.1941665395
2.8700000000   4.9824630000   0.4183810000   4.4465590000 115.2068839739
3.4350000000   4.9824640000   0.4183870000   4.4465080000 115.2082199122
3.9850000000   4.9824640000   0.4183890000   4.4465110000 115.2060578525
4.5800000000   4.9824640000   0.4183890000   4.4465200000 115.2032278249
5.0950000000   4.9824640000   0.4183890000   4.4465240000 115.2014174276
5.6450000000   4.9824640000   0.4183890000   4.4465250000 115.2002396448
6.1600000000   4.9824640000   0.4183890000   4.4465250000 115.1995716769
6.7350000000   4.9824640000   0.4183890000   4.4465250000 115.1994135227
7.3150000000   4.9824640000   0.4183890000   4.4465240000 115.1993167702
7.8950000000   4.9824640000   0.4183890000   4.4465240000 115.1993167702
8.4300000000   4.9824640000   0.4183890000   4.4465240000 115.1994135227
9.0500000000   4.9824640000   0.4183890000   4.4465240000 115.1994135227
9.6200000000   4.9808240000   0.4522110000   4.4934730000 115.5048969477
10.2550000000   4.9550460000   0.6482580000   4.6475850000 116.7061343914
10.8400000000   4.9180860000   0.8883480000   4.8246350000 118.7933829586
11.3750000000   4.8496730000   1.1899250000   4.9627850000 121.4869889369
11.8900000000   4.7683950000   1.4810460000   5.0224390000 124.5620567806
12.4500000000   4.6634390000   1.7847810000   4.9906950000 128.1550005382
12.9950000000   4.5394830000   2.0802750000   4.8542290000 131.8249436929
13.5300000000   4.3824380000   2.3898920000   4.6143410000 135.6355780433
14.1550000000   4.1726850000   2.7366910000   4.2627190000 140.2094568583
14.7150000000   4.0044990000   2.9817630000   3.9631330000 144.0164933284
15.2600000000   3.8381580000   3.1955880000   3.7022780000 147.4501659606
15.9000000000   3.6129780000   3.4473050000   3.4231920000 151.3747352637
16.4450000000   3.4262590000   3.6355790000   3.2419330000 154.5549685806
17.0250000000   3.1941310000   3.8394980000   3.1139020000 157.9727757176
17.6050000000   2.9435000000   4.0345850000   3.0737650000 161.5075273109
18.1800000000   2.6640320000   4.2215300000   3.1311650000 165.1971175787
18.7900000000   2.3862760000   4.3869950000   3.2811520000 169.0052991196
19.3650000000   2.1261750000   4.5193020000   3.4850040000 172.4756507364
19.9450000000   1.8632980000   4.6351630000   3.7422090000 175.8788613887
20.5450000000   1.5612610000   4.7434350000   4.0511580000 179.4651247078
21.1350000000    1.2480470000    4.8361220000    4.3550210000 -176.9571582472
21.6650000000    0.9822190000    4.8983050000    4.6094940000 -173.7264885937
22.2400000000    0.6253400000    4.9531730000    4.8490450000 -169.8928133256
22.8050000000    0.2815930000    4.9845870000    4.9926990000 -166.0199998621
23.3850000000   -0.0784610000    4.9914080000    5.0259680000 -161.9721058354
23.9200000000   -0.3538980000    4.9815550000    4.9653200000 -158.4936313756
24.5050000000   -0.6811870000    4.9463710000    4.7928120000 -154.6755917179
25.1550000000   -1.0486920000    4.8804530000    4.5125250000 -150.4415959819
25.7200000000   -1.2998750000    4.8202720000    4.2739310000 -147.0751511276
26.2750000000   -1.5475200000    4.7490210000    4.0198420000 -143.9719855674
26.8500000000   -1.8205120000    4.6512600000    3.7433870000 -140.7429997972
27.4550000000   -2.1210910000    4.5207820000    3.4626320000 -137.1929751501
28.0200000000   -2.3859520000    4.3882020000    3.2566600000 -133.8335880671
28.5450000000   -2.6233020000    4.2511930000    3.1308650000 -130.7374491484
29.0950000000   -2.8655680000    4.0899000000    3.0707240000 -127.4109844856
29.6800000000   -3.1071470000    3.9098290000    3.0958210000 -123.8673563820
30.3450000000   -3.3690350000    3.6876750000    3.2175100000 -119.8981720405
30.8850000000   -3.5296170000    3.5429400000    3.3734430000 -116.9136962044
31.4350000000   -3.7388550000    3.3118240000    3.6186470000 -113.6790286290
32.1000000000   -3.9693230000    3.0288630000    3.9613590000 -109.6500125664
32.6300000000   -4.1184280000    2.8239780000    4.2188680000 -106.5363344970
33.2750000000   -4.3038010000    2.5319720000    4.5289280000 -102.6745273829
33.8250000000  -4.4420710000   2.2837400000   4.7471340000 -99.4733545203
34.3800000000  -4.5676530000   2.0188730000   4.9174060000 -96.1575077807
35.0700000000  -4.7094150000   1.6581230000   5.0243440000 -91.8619229445
35.6600000000  -4.8086750000   1.3434350000   5.0072620000 -88.1620359447
36.2050000000  -4.8812460000   1.0523500000   4.8996220000 -84.7146586021
36.7500000000  -4.9359370000   0.7578850000   4.7029780000 -81.2206197619
37.3500000000  -4.9769930000   0.3724550000   4.3853980000 -77.1150693803
38.0050000000  -4.9942840000   0.0414230000   4.0615690000 -72.8816266562
38.6100000000  -4.9896590000  -0.2380220000   3.7849800000 -69.3281352441
39.1350000000  -4.9686440000  -0.5063950000   3.5438720000 -66.2510774718
39.7600000000  -4.9122590000  -0.8876350000   3.2800420000 -62.3346420153
40.2950000000  -4.8520120000  -1.1802870000   3.1329330000 -58.9244073432
40.8400000000  -4.7677510000  -1.4843090000   3.0731910000 -55.3518807702
41.4050000000  -4.6667870000  -1.7765460000   3.1018220000 -51.7138786382
41.9600000000  -4.5563720000  -2.0453930000   3.2213240000 -48.2142920759
42.5400000000  -4.4018600000  -2.3563450000   3.4564640000 -44.3917902252
43.1100000000  -4.2315660000  -2.6496050000   3.7373400000 -40.6054494726
43.7150000000  -4.0541100000  -2.9153220000   4.0482600000 -36.7331661343
44.2900000000  -3.8745870000  -3.1515600000   4.3406150000 -33.1869526852
44.8200000000  -3.6947320000  -3.3612240000   4.5832910000 -29.9861074091
45.3650000000  -3.4901770000  -3.5727680000   4.7995230000 -26.6497659657
45.9800000000  -3.2278100000  -3.8103700000   4.9697500000 -22.7790417029
46.5150000000  -2.9996390000  -3.9935530000   5.0309810000 -19.4242994530
47.1250000000  -2.7108840000  -4.1934460000   4.9848990000 -15.4613607103
47.6600000000  -2.4511090000  -4.3493660000   4.8582170000 -11.9752546504
48.1900000000 -2.2014970000 -4.4819610000  4.6719720000 -8.6200749843
48.7750000000 -1.9151540000 -4.6109480000  4.4080810000 -4.9669915994
49.3100000000 -1.6484390000 -4.7136060000  4.1344140000 -1.6753599570
49.9300000000 -1.3035840000 -4.8194630000  3.7880600000  2.2963896213
50.4700000000 -1.0196410000 -4.8887000000  3.5272650000  5.6682016693
51.0050000000 -0.7430350000 -4.9380700000  3.3115630000  9.0149710318
51.5700000000 -0.4191230000 -4.9754450000  3.1481070000 12.6349713280
52.1450000000 -0.0720590000 -4.9924190000  3.0758220000 16.4605100207
52.7800000000  0.2652250000 -4.9883520000  3.1052580000 20.5330183590
53.3550000000  0.5346580000 -4.9666720000  3.2145010000 23.9613272128
53.8750000000  0.7833790000 -4.9334600000  3.3719500000 26.9536186645
54.4100000000  1.0660790000 -4.8800080000  3.6078350000 30.1229956782
54.9900000000  1.3892260000 -4.7958960000  3.9125010000 33.7134354512
55.5350000000  1.6510020000 -4.7133060000  4.1867840000 37.0034126500
56.1250000000  1.9516930000 -4.5970490000  4.4838170000 40.6384548796
56.6750000000  2.2055950000 -4.4818960000  4.7132450000 43.9242307785
57.2600000000  2.4681990000 -4.3434690000  4.8977900000 47.3643573491
57.8150000000  2.7235240000 -4.1859290000  5.0049840000 50.6876821191
58.3650000000  2.9791380000 -4.0074190000  5.0233720000 54.1509003441
59.0250000000  3.2812580000 -3.7628190000  4.9272210000 58.4263357257
59.6450000000  3.4834770000 -3.5820170000  4.7762800000 62.0722465938
60.2000000000  3.6547500000 -3.4073430000  4.5865140000 65.1337020305
60.7450000000  3.8436760000 -3.1899370000  4.3362540000 68.2085815160
61.3400000000  4.0432240000 -2.9306370000  4.0258450000 71.6912459391
61.9250000000  4.2118570000 -2.6824280000  3.7286750000 75.1664856595
62.4900000000  4.3672800000 -2.4206220000  3.4621020000 78.6405441824
63.0450000000  4.5233790000 -2.1106970000  3.2411720000 82.2821358968
63.6700000000  4.6817320000 -1.7305650000  3.0983890000 86.7091524625
64.2000000000  4.7872390000 -1.4119880000  3.0863920000 90.5254529410
64.7650000000  4.8684040000 -1.1102270000  3.1774240000 94.4363455614
65.3800000000  4.9306340000 -0.7855420000  3.3723410000 98.5041247183
65.9800000000   4.9734140000  -0.4461090000   3.6512970000 102.4246948793
66.5500000000   4.9921810000  -0.1017700000   3.9771960000 106.2283817898
67.0850000000   4.9873250000   0.2278500000   4.2885370000 109.8810889360
67.6700000000   4.9658120000   0.5322120000   4.5743390000 113.6646572017
68.3100000000   4.9144700000   0.8869120000   4.8337160000 117.8481044277
68.9150000000   4.8235880000   1.2913340000   4.9950450000 122.0287098069
69.4550000000   4.7405070000   1.5726260000   5.0339220000 125.5902557557
70.0200000000   4.6412620000   1.8452860000   4.9731310000 129.2279175497
70.6600000000   4.4956550000   2.1740510000   4.8023550000 133.2820738239
71.2000000000   4.3588210000   2.4366120000   4.5816770000 136.6718458157
71.7250000000   4.1971250000   2.7036180000   4.2957430000 140.1301752692
72.3050000000   3.9907110000   2.9979200000   3.9490050000 144.0918162424
72.8650000000   3.7866590000   3.2537750000   3.6350420000 147.9155378691
73.4000000000   3.5722150000   3.4872400000   3.3806580000 151.5773974700
73.9750000000   3.3159860000   3.7316180000   3.1779800000 155.5772910808
74.5350000000   3.0676320000   3.9406950000   3.0815810000 159.3679260075
75.1300000000   2.7915410000   4.1400800000   3.0896930000 163.3524361866
75.6700000000   2.5274160000   4.3058420000   3.1982990000 166.9703999978
76.2400000000   2.2502430000   4.4576760000   3.3831360000 170.6872448554
76.7800000000   2.0151810000   4.5702380000   3.5922110000 173.9528552757
77.3300000000   1.7577200000   4.6758220000   3.8567480000 177.2263559957
77.9250000000    1.4116890000    4.7905190000    4.1996720000 -178.9842442293
78.5250000000    1.0781770000    4.8770730000    4.5207930000 -175.1273447548
79.1150000000    0.7895820000    4.9331990000    4.7565810000 -171.4956193944
79.6750000000    0.5133070000    4.9688600000    4.9191230000 -168.1784525481
80.2650000000    0.2091350000    4.9903880000    5.0163410000 -164.6828327015
80.8500000000   -0.1060000000    4.9923420000    5.0217560000 -161.1394321878
81.3700000000   -0.3937070000    4.9777200000    4.9460620000 -157.9350227137
82.0050000000   -0.7404120000    4.9372080000    4.7603520000 -153.9641713318
82.6000000000   -1.0307660000    4.8879100000    4.5204010000 -150.3663323911
83.1750000000   -1.3377410000    4.8116450000    4.2436460000 -146.8911356069
83.6950000000   -1.5851890000    4.7362610000    3.9839070000 -143.8293471118
84.2950000000   -1.8853210000    4.6242940000    3.6815930000 -140.2187796050
84.8650000000   -2.1587340000    4.5034320000    3.4284530000 -136.8074389716
85.4650000000   -2.4579640000    4.3466910000    3.2151770000 -133.0653062286
86.0900000000   -2.7542050000    4.1668160000    3.0887680000 -129.1042842230
86.6950000000   -2.9990630000    3.9953750000    3.0712060000 -125.4652397983
87.2600000000   -3.2250390000    3.8116160000    3.1438360000 -122.0533744260
87.8400000000   -3.4545230000    3.6060540000    3.3004920000 -118.5499319140
88.5000000000   -3.6978740000    3.3572910000    3.5641050000 -114.5425789150
89.0550000000   -3.8775290000    3.1409620000    3.8101890000 -111.2668460471
89.6150000000   -4.0391100000    2.9357350000    4.0746340000 -108.0790138257
90.1900000000   -4.1987360000    2.7029950000    4.3484500000 -104.8268726172
90.7850000000   -4.3506790000    2.4530020000    4.6030970000 -101.5039090562
91.3800000000  -4.4800780000   2.2113090000   4.8026230000 -98.3114052861
91.9100000000  -4.5833810000   1.9899090000   4.9375420000 -95.4510332084
92.4400000000  -4.6951540000   1.7014240000   5.0164440000 -92.3054058955
93.0700000000  -4.7994670000   1.3743510000   5.0114840000 -88.4355264014
93.6300000000  -4.8725780000   1.0962360000   4.9115860000 -85.0082342297
94.1950000000  -4.9337650000   0.7610520000   4.7075070000 -81.3693804765
94.8050000000  -4.9755160000   0.3964960000   4.4217910000 -77.3289307330
95.4000000000  -4.9951580000   0.1167030000   4.1155660000 -73.5164667047
95.9550000000  -4.9821500000  -0.2735070000   3.7769830000 -69.7600202395
96.5600000000  -4.9576400000  -0.5975410000   3.4817370000 -65.8570326648
97.1650000000  -4.9175700000  -0.8750170000   3.2702650000 -62.2163793565
97.7400000000  -4.8514460000  -1.1835910000   3.1291620000 -58.6635657189
98.2950000000  -4.7689940000  -1.4826510000   3.0742790000 -55.1923984962
98.8800000000  -4.6551130000  -1.8048410000   3.1134450000 -51.4309296505
99.5200000000  -4.5324260000  -2.0940270000   3.2383440000 -47.5252153993
100.1000000000  -4.4317940000  -2.3057650000   3.3953850000 -44.3705716642
100.6700000000  -4.3093330000  -2.5281590000   3.6078550000 -41.4050974952
101.2000000000  -4.1708960000  -2.7473590000   3.8555930000 -38.5445010649
101.7650000000  -3.9810960000  -3.0137950000   4.1667540000 -35.2149485002
102.3850000000  -3.7608990000  -3.2827120000   4.4905200000 -31.3812983926
102.9250000000  -3.5812410000  -3.4825100000   4.7171440000 -28.1378299153
103.4750000000  -3.3769940000  -3.6808460000   4.8920910000 -24.8579913415
104.0350000000  -3.1417650000  -3.8820120000   5.0034540000 -21.4104229808
104.6350000000  -2.8583210000  -4.0950480000   5.0271520000 -17.5823256168
105.1650000000  -2.6439840000  -4.2388810000   4.9665120000 -14.4002845054
105.6950000000  -2.3950290000  -4.3826620000   4.8227810000 -11.1294286743
106.2500000000  -2.1113760000  -4.5241140000   4.5947690000  -7.6070977499
106.7900000000  -1.8323950000  -4.6444600000   4.3233260000  -4.1415002935
107.3250000000  -1.5355880000  -4.7506170000   4.0167470000  -0.6099127819
107.9350000000  -1.1923130000  -4.8482150000   3.6852470000   3.4306374307
108.4900000000  -0.9307290000  -4.9065620000   3.4451380000   6.8518334028
109.0800000000  -0.6128050000  -4.9562070000   3.2364940000  10.4945476506
109.6700000000  -0.3059000000  -4.9848920000   3.1069670000  14.0674780845
110.2000000000  -0.0310740000  -4.9958060000   3.0698990000  17.2658961523
110.7800000000   0.3036340000  -4.9845530000   3.1263040000  20.9283298666
111.3350000000   0.6022500000  -4.9571450000   3.2535590000  24.4171883972
111.8900000000   0.8829940000  -4.9165860000   3.4494170000  27.8237261394
112.4450000000   1.1738550000  -4.8532860000   3.7060350000  31.2420144312
113.0100000000   1.4968750000  -4.7626980000   4.0295910000  34.9156228580
113.5950000000   1.8279330000  -4.6459430000   4.3601310000  38.7790947995
114.2000000000   2.1299780000  -4.5168520000   4.6503070000  42.6827421828
114.7500000000   2.4006630000  -4.3783680000   4.8559960000  46.2226352794
115.3800000000   2.6970250000  -4.2007970000   4.9987660000  50.2289216014
115.9250000000   2.9158860000  -4.0548460000   5.0380180000  53.4819855078
116.4750000000   3.1474230000  -3.8780590000   4.9893760000  56.8003961797
117.0700000000   3.4019860000  -3.6540910000   4.8411820000  60.4804819245
117.6600000000   3.6117400000  -3.4488610000   4.6291490000  64.0802401923
118.2000000000   3.8089340000  -3.2286590000   4.3853580000  67.3567003651
118.7600000000   3.9954190000  -2.9964580000   4.1017240000  70.7294128064
119.4050000000   4.1983770000  -2.7053480000   3.7573250000  74.7032039288
119.9300000000   4.3419690000  -2.4687140000   3.5224400000  77.8389254973
120.4950000000   4.4618530000  -2.2479530000   3.3179900000  81.0667903880
121.0450000000   4.5944250000  -1.9575880000   3.1607090000  84.4548681825
121.6000000000   4.7240820000  -1.6112400000   3.0854320000  88.2406947165
122.1350000000   4.8160050000  -1.3147990000   3.1031220000  91.8692473722
122.6700000000   4.8844020000  -1.0394940000   3.2151860000  95.4170548908
123.2650000000   4.9420540000  -0.7238230000   3.4087990000  99.2023113746
123.8050000000   4.9739820000  -0.4669310000   3.6237490000 102.4018237007
124.3550000000   4.9918470000  -0.1823770000   3.8940510000 105.6642731872
124.9200000000   4.9934940000   0.1121100000   4.1809390000 109.0047968146
125.5250000000   4.9764660000   0.4142650000   4.4696270000 112.5447462406
126.0900000000   4.9433010000   0.7117030000   4.7123950000 115.8903982963
126.6700000000   4.8907900000   1.0137780000   4.8986840000 119.3270561092
127.2950000000   4.8166550000   1.3231360000   5.0133680000 123.0471368656
127.9350000000   4.7211120000   1.6280900000   5.0304740000 126.7619066161
128.5300000000   4.6202080000   1.8991620000   4.9566970000 130.1572007836
129.1400000000   4.4871610000   2.1909070000   4.7796800000 133.7459018972
129.6900000000   4.3380630000   2.4697970000   4.5464020000 137.1294327008
130.3100000000   4.1700800000   2.7479180000   4.2517200000 140.9004055948
130.8800000000   4.0019560000   2.9886910000   3.9611100000 144.3390319466
131.4450000000   3.8170760000   3.2213430000   3.6840780000 147.7256939421
132.0300000000   3.6173840000   3.4445620000   3.4232320000 151.2576931606
132.5850000000   3.3977520000   3.6570510000   3.2269720000 154.6706637425
133.1200000000   3.1747150000   3.8533440000   3.1098630000 158.0419834994
133.6950000000   2.8849160000   4.0738910000   3.0827970000 161.8992079320
134.2750000000   2.6067080000   4.2583710000   3.1518150000 165.7864417654
134.8250000000   2.3659550000   4.3996570000   3.3046560000 169.3058561581
135.3950000000   2.0616880000   4.5476460000   3.5510080000 173.0275443026
135.9500000000   1.7667200000   4.6704300000   3.8417930000 176.6594839408
136.5350000000    1.4636340000    4.7742930000    4.1561760000 -179.5645846863
137.1300000000    1.1513730000    4.8594700000    4.4685130000 -175.7506803564
137.6900000000    0.8221590000    4.9238650000    4.7290520000 -172.0882137251
138.2200000000    0.5259900000    4.9650650000    4.9096190000 -168.6399433521
138.8250000000    0.1617200000    4.9914050000    5.0195550000 -164.6192809280
139.4150000000   -0.1676260000    4.9919550000    5.0174850000 -160.7826849674
140.0750000000   -0.4873050000    4.9708130000    4.9096820000 -156.7425054058
140.6700000000   -0.8031330000    4.9296820000    4.7108820000 -153.1179886856
141.2300000000   -1.0928670000    4.8720210000    4.4778130000 -149.7515142595
141.8450000000   -1.3708400000    4.8033060000    4.1974780000 -146.2327208802
142.3700000000   -1.6304780000    4.7196160000    3.9376400000 -143.2083760269
143.0050000000   -1.9453170000    4.5989310000    3.6246930000 -139.4761748833
143.5600000000   -2.2004360000    4.4824790000    3.3987010000 -136.2706627486
144.1600000000   -2.4302790000    4.3646710000    3.2206910000 -132.9844175163
144.7350000000   -2.6629350000    4.2261650000    3.1103670000 -129.8681162355
145.3200000000   -2.9158250000    4.0556830000    3.0713990000 -126.5556038143
145.8850000000   -3.1596590000    3.8676330000    3.1133270000 -123.2138479807
146.4850000000   -3.3904940000    3.6681290000    3.2487190000 -119.6350200093
147.0700000000   -3.6003630000    3.4626620000    3.4395920000 -116.1873489976
147.6500000000   -3.7724520000    3.2738100000    3.6569980000 -112.9843646703
148.2500000000   -3.9534290000    3.0510500000    3.9314870000 -109.6882566308
148.8050000000   -4.1302120000    2.8089390000    4.2246590000 -106.4913307578
149.3400000000   -4.2998460000    2.5394970000    4.5112870000 -103.1613995873
149.9300000000  -4.4540900000   2.2572440000   4.7655390000 -99.4447741514
150.5600000000  -4.5882220000   1.9715760000   4.9448490000 -95.6183427020
151.1250000000  -4.6936590000   1.7060940000   5.0241550000 -92.2599997195
151.6500000000  -4.7877160000   1.4163550000   5.0114660000 -88.9318325825
152.2100000000  -4.8797510000   1.0433590000   4.8774730000 -85.0266974585
152.7700000000  -4.9413420000   0.7001500000   4.6699380000 -81.0931187078
153.4850000000  -4.9831800000   0.3238730000   4.3334810000 -76.3348001540
154.1200000000  -4.9922090000   0.0062980000   4.0303910000 -72.4047047415
154.7350000000  -4.9845330000  -0.2830430000   3.7461100000 -68.8443787209
155.3000000000  -4.9595130000  -0.5816160000   3.4851800000 -65.5128578906
155.8350000000  -4.9105670000  -0.8979900000   3.2698870000 -62.1791111321
156.4350000000  -4.8387060000  -1.2286620000   3.1147350000 -58.3706667523
157.0100000000  -4.7591840000  -1.5143200000   3.0678700000 -54.7632595669
157.5100000000  -4.6710370000  -1.7662020000   3.1029790000 -51.6554728988
158.0700000000  -4.5350170000  -2.0890070000   3.2550070000 -47.9151826554
158.6800000000  -4.3713560000  -2.4102490000   3.4928600000 -43.8601812747
159.3150000000  -4.2185900000  -2.6735820000   3.7680520000 -39.9318842167
159.9100000000  -4.0660890000  -2.9036130000   4.0317150000 -36.5389774312
160.5300000000  -3.8961190000  -3.1269570000   4.3037130000 -33.2038455174
161.0700000000  -3.7453400000  -3.3081840000   4.5279170000 -30.3779870123
161.6150000000  -3.5378230000  -3.5266800000   4.7497270000 -27.3095005352
162.2100000000  -3.2962680000  -3.7512300000   4.9345880000 -23.7536603764
162.7950000000  -3.0557120000  -3.9504490000   5.0247130000 -20.2040578773
163.3500000000  -2.8165110000  -4.1239910000   5.0192500000 -16.8021913882
163.9400000000  -2.5479420000  -4.2946270000   4.9203370000 -13.1766107109
164.5250000000  -2.2788130000  -4.4444230000   4.7373310000  -9.6097262519
165.0950000000  -2.0045550000  -4.5747890000   4.5002360000  -6.1465021350
165.6900000000  -1.7136990000  -4.6918330000   4.2174570000  -2.5877684222
166.3200000000  -1.4252350000  -4.7886610000   3.9073530000   1.0805752116
166.8850000000  -1.1273770000  -4.8660220000   3.6284970000   4.4426369649
167.4750000000  -0.8222340000  -4.9266510000   3.3702110000   8.0330226687
168.0850000000  -0.4740540000  -4.9699170000   3.1706010000  11.9184407469
168.7100000000  -0.1431470000  -4.9907270000   3.0742150000  15.8289634411
169.3700000000   0.2206270000  -4.9877260000   3.1002820000  20.0340346995
170.0100000000   0.5472080000  -4.9638340000   3.2217390000  23.9343259553
170.5900000000   0.8283510000  -4.9270720000   3.4013750000  27.2977105370
171.2400000000   1.1035090000  -4.8717650000   3.6434550000  30.8827686590
171.8500000000   1.4246360000  -4.7846090000   3.9548030000  34.3885983673
172.4050000000   1.7281770000  -4.6830650000   4.2623820000  37.7812987229
172.9650000000   2.0260150000  -4.5632120000   4.5554070000  41.3467067508
173.5100000000   2.3156280000  -4.4232000000   4.7934090000  44.9216022114
174.0600000000   2.5814510000  -4.2753270000   4.9534380000  48.4735465127
174.6350000000   2.8377290000  -4.1095190000   5.0308520000  52.1026570032
175.3000000000   3.0970710000  -3.9205220000   5.0170410000  55.9844535272
175.8250000000   3.2931230000  -3.7605640000   4.9347560000  58.8953865974
176.3500000000   3.4748020000  -3.5905640000   4.7900940000  61.8155620420
176.9000000000   3.6769040000  -3.3795230000   4.5610680000  65.0506312958
177.4900000000   3.8926800000  -3.1253390000   4.2609450000  68.6868546971
178.0600000000   4.0706240000  -2.8917650000   3.9710940000  72.1575963325
178.6100000000   4.2237990000  -2.6665020000   3.7087960000  75.4084276757
179.1950000000   4.3751190000  -2.4091430000   3.4508950000  78.8720507691
179.7500000000   4.5172580000  -2.1290890000   3.2485920000  82.2393836981
180.3600000000   4.6501380000  -1.8245250000   3.1098210000  85.9835706769
180.9200000000   4.7520490000  -1.5362980000   3.0743830000  89.5074316370
181.4850000000   4.8466520000  -1.1982380000   3.1480310000  93.3067074625
182.0300000000   4.9136820000  -0.8848560000   3.3005080000  96.9657186057
182.5850000000   4.9593040000  -0.5856570000   3.5259210000 100.6193682309
183.1750000000   4.9861610000  -0.2791320000   3.8079600000 104.3785283659
183.7650000000   4.9923530000   0.0601950000   4.1363850000 108.2017473069
184.3800000000   4.9757300000   0.4122430000   4.4621800000 112.1709776639
184.9200000000   4.9464580000   0.6876500000   4.6957230000 115.5028295306
185.4600000000   4.9036570000   0.9462940000   4.8705610000 118.7084345668
186.1000000000   4.8189480000   1.3054280000   5.0021550000 122.7149043624
186.6700000000   4.7041560000   1.6676960000   5.0125550000 126.5899815399
187.2500000000   4.5778440000   1.9983030000   4.9124100000 130.5773103653
187.8000000000   4.4495840000   2.2693410000   4.7250590000 134.2348328523
188.3250000000   4.3018750000   2.5341100000   4.4821330000 137.7405364191
188.9050000000   4.1275690000   2.8089480000   4.1768680000 141.5582753101
189.4450000000   3.9547890000   3.0496340000   3.8806320000 145.0600076565
190.0450000000   3.7217210000   3.3271580000   3.5562090000 149.0584989380
190.6650000000   3.4678050000   3.5919220000   3.2864460000 153.2259841090
191.2700000000   3.2460190000   3.7940760000   3.1293610000 157.0427271358
191.8350000000   3.0336130000   3.9671530000   3.0679270000 160.3609791486
192.4050000000   2.7979520000   4.1366580000   3.0859880000 163.6900684095
192.9250000000   2.5553920000   4.2911620000   3.1859830000 166.8346751170
193.4600000000   2.2652230000   4.4496210000   3.3790560000 170.3170434470
193.9950000000   1.9846530000   4.5815910000   3.6218460000 173.8316841492
194.5450000000   1.7036830000   4.6947340000   3.9125380000 177.4369160217
195.1400000000    1.3738950000    4.8000380000    4.2390140000 -178.6260008490
195.6600000000    1.1207230000    4.8669310000    4.4964420000 -175.3537122429
196.2550000000    0.7807430000    4.9319930000    4.7625770000 -171.4984662245
196.8350000000    0.4216510000    4.9735840000    4.9487720000 -167.6014914245
197.4150000000    0.1173350000    4.9913190000    5.0300490000 -163.8741159587
197.9950000000   -0.1800810000    4.9893470000    5.0153730000 -160.2740042488
198.5900000000   -0.4946100000    4.9685710000    4.9021910000 -156.6460533254
199.1350000000   -0.7925940000    4.9303340000    4.7120950000 -153.2897942860
199.6950000000   -1.1317630000    4.8615490000    4.4388280000 -149.6438765813
200.2800000000   -1.4378400000    4.7813630000    4.1337960000 -145.9101717764
200.8200000000   -1.7073360000    4.6923310000    3.8552990000 -142.5358750884
201.4400000000   -2.0081870000    4.5713480000    3.5565040000 -138.7168771630
201.9550000000   -2.2515690000    4.4570370000    3.3457640000 -135.5433626944
202.5700000000   -2.5597910000    4.2871250000    3.1546950000 -131.6345378967
203.1200000000   -2.8243700000    4.1196470000    3.0814440000 -128.0508996199
203.6950000000   -3.1029910000    3.9108380000    3.0983380000 -124.2192726588
204.2700000000   -3.3476980000    3.7054850000    3.2208750000 -120.4596931198
204.8450000000   -3.5720420000    3.4895910000    3.4131620000 -116.8190140249
205.4050000000   -3.7724040000    3.2715950000    3.6688540000 -113.3096641937
205.9700000000   -3.9724670000    3.0252350000    3.9651460000 -109.7557078590
206.5550000000   -4.1787060000    2.7333050000    4.3072220000 -105.8927139836
207.1200000000   -4.3452230000    2.4593710000    4.5996970000 -102.1486008449
207.6600000000  -4.4972900000   2.1681630000   4.8269400000 -98.5086728389
208.2000000000  -4.6251600000   1.8834590000   4.9740140000 -94.8838444741
208.7700000000  -4.7454510000   1.5507970000   5.0281530000 -90.9669016522
209.3450000000  -4.8339740000   1.2516080000   4.9846980000 -87.2062972568
209.9400000000  -4.9004970000   0.9633980000   4.8521230000 -83.5437844238
210.4850000000  -4.9478560000   0.6777440000   4.6541780000 -80.2375004587
211.0400000000  -4.9787190000   0.3818910000   4.3930190000 -76.8425151349
211.6200000000  -4.9928910000   0.0685400000   4.0951820000 -73.2847530628
212.1550000000  -4.9897250000  -0.2086790000   3.8177350000 -70.0275749444
212.7500000000  -4.9640930000  -0.5365700000   3.5263380000 -66.3473188608
213.2950000000  -4.9222200000  -0.8365880000   3.3023500000 -62.9113758667
213.8550000000  -4.8571210000  -1.1564710000   3.1414900000 -59.2848674687
214.4600000000  -4.7799730000  -1.4482140000   3.0636490000 -55.5972123220
214.9900000000  -4.7101620000  -1.6669630000   3.0755930000 -52.5661477332
215.6100000000  -4.5836250000  -1.9828160000   3.1849650000 -48.9358925760
216.1950000000  -4.4483190000  -2.2677960000   3.3741470000 -45.4114874979
216.7300000000  -4.3158640000  -2.5145970000   3.5929530000 -42.2158542731
217.3600000000  -4.1380270000  -2.7969470000   3.8990920000 -38.3872904662
218.0150000000  -3.9717910000  -3.0300520000   4.1942760000 -34.6770968908
218.5600000000  -3.8063830000  -3.2352470000   4.4423960000 -31.6730150366
219.1250000000  -3.6050150000  -3.4547090000   4.6869610000 -28.4311242612
219.6550000000  -3.3716790000  -3.6815920000   4.8863610000 -25.0125785948
220.2150000000  -3.0709370000  -3.9328410000   5.0060490000 -21.0628830917
220.7800000000  -2.7793470000  -4.1470000000   5.0062150000 -16.9996470413
221.3400000000  -2.5238520000  -4.3098330000   4.9053220000 -13.1788373171
221.8950000000  -2.2522480000  -4.4563440000   4.7175380000  -9.4891466797
222.5000000000  -1.9274780000  -4.6067850000   4.4372680000  -5.5016283291
223.0500000000  -1.6628910000  -4.7109940000   4.1568640000  -2.0844588234
223.5950000000  -1.3697480000  -4.8019560000   3.8534660000   1.4105599617
224.1450000000  -1.0716460000  -4.8764130000   3.5691910000   4.9420954452
224.7150000000  -0.7524280000  -4.9359730000   3.3244380000   8.6342575989
225.2850000000  -0.4569170000  -4.9734790000   3.1574190000  12.2311755726
225.8100000000  -0.1600090000  -4.9904390000   3.0784760000  15.5738853486
226.4650000000   0.2022970000  -4.9894270000   3.0961290000  19.7671237989
227.0100000000   0.4951830000  -4.9674190000   3.2003440000  23.1894128638
227.5800000000   0.8056940000  -4.9284560000   3.3942360000  26.7740084010
228.1200000000   1.1187150000  -4.8665670000   3.6579220000  30.2984936859
228.6400000000   1.4224100000  -4.7858400000   3.9464460000  33.7775082074
229.2500000000   1.7335260000  -4.6825790000   4.2653600000  37.7294127762
229.7850000000   1.9744690000  -4.5884180000   4.5170690000  40.9920433915
230.3500000000   2.2500170000  -4.4592930000   4.7487500000  44.4125944911
230.9250000000   2.5340540000  -4.3029830000   4.9294710000  47.9875863555
231.5150000000   2.8176430000  -4.1223660000   5.0239160000  51.7162603180
232.0700000000   3.0473000000  -3.9569060000   5.0198180000  55.1338111308
232.6200000000   3.2989760000  -3.7472170000   4.9118970000  58.7098579539
233.1800000000   3.5410120000  -3.5184880000   4.7143670000  62.3921230887
233.7100000000   3.7563410000  -3.2877020000   4.4565620000  65.9627074437
234.2950000000   3.9666410000  -3.0315260000   4.1455320000  69.8502751395
234.9250000000   4.1718880000  -2.7428710000   3.7926370000  74.0269852363
235.5350000000   4.3612890000  -2.4258860000   3.4801530000  78.1207118662
236.1400000000   4.5106940000  -2.1419370000   3.2502490000  81.9987379045
236.6850000000   4.6360310000  -1.8541170000   3.1178470000  85.5448519981
237.2750000000   4.7583160000  -1.5105610000   3.0864110000  89.6081014876
237.8500000000   4.8619830000  -1.1207920000   3.1794820000  93.8803445897
238.4050000000   4.9217310000  -0.8336590000   3.3300620000  97.6219899004
238.9450000000   4.9605330000  -0.5805690000   3.5312720000 101.0008241927
239.5100000000   4.9874580000  -0.2584970000   3.8261820000 104.5932711857
240.0400000000   4.9921670000   0.0632820000   4.1271170000 108.0429798033
240.6250000000   4.9789620000   0.3752160000   4.4331780000 111.7697481776
241.1850000000   4.9484830000   0.6733230000   4.6823570000 115.2720436280
241.7400000000   4.9052580000   0.9467410000   4.8680680000 118.5811672031
242.3800000000   4.8213960000   1.2988940000   5.0030720000 122.5569834338
243.0050000000   4.7259950000   1.6105190000   5.0278630000 126.4003054412
243.6050000000   4.6077980000   1.9239450000   4.9411680000 130.1435172905
244.2650000000   4.4612670000   2.2368550000   4.7502810000 134.2139314338
244.8150000000   4.3454170000   2.4623390000   4.5455670000 137.4079080134
245.5050000000   4.1318500000   2.8098370000   4.2109760000 141.5516783310
246.0450000000   3.9960670000   3.0009340000   3.9624160000 144.4875701320
246.6400000000   3.8288830000   3.2098930000   3.6949960000 147.7418881140
247.2300000000   3.6235880000   3.4378520000   3.4386950000 151.1079185057
247.9600000000   3.3586340000   3.6940060000   3.1953630000 155.3960475167
248.4900000000   3.1450590000   3.8774510000   3.0968160000 158.6110545431
249.0700000000   2.8601060000   4.0912880000   3.0830720000 162.3479210379
249.6650000000   2.5678150000   4.2817500000   3.1743050000 166.2677988403
250.2500000000   2.2897490000   4.4350170000   3.3541390000 170.0676664894
250.7650000000   2.0499280000   4.5545240000   3.5638440000 173.2927716903
251.4450000000   1.7029800000   4.6945310000   3.9076620000 177.6039296319
252.0300000000    1.4212760000    4.7900630000    4.1947270000 -178.9169416367
252.6400000000    1.1378690000    4.8646510000    4.4737900000 -175.4220978241
253.1900000000    0.8579510000    4.9200490000    4.7065570000 -172.2094090993
253.7800000000    0.5341120000    4.9650060000    4.9027700000 -168.6379109785
254.3500000000    0.2086470000    4.9891220000    5.0103640000 -165.0014650917
254.9250000000   -0.1090250000    4.9912760000    5.0223680000 -161.3604135518
255.4900000000   -0.4139290000    4.9765990000    4.9368060000 -157.7935210777
256.1150000000   -0.7814250000    4.9306890000    4.7241230000 -153.7049040120
256.6750000000   -1.0923400000    4.8722370000    4.4676160000 -150.0572542408
257.1900000000   -1.4031750000    4.7913040000    4.1706620000 -146.5603959472
257.7450000000   -1.7511590000    4.6739000000    3.8144980000 -142.5639271526
258.3150000000   -2.0851930000    4.5337810000    3.4917740000 -138.4187269677
258.8500000000   -2.3595180000    4.4000220000    3.2671770000 -134.6553353998
259.4300000000   -2.6241920000    4.2493180000    3.1208070000 -130.8730996747
259.9550000000   -2.8324100000    4.1146810000    3.0652180000 -127.7280854506
260.4700000000   -3.0445430000    3.9593270000    3.0829990000 -124.6497808573
261.0950000000   -3.3352730000    3.7156510000    3.2086660000 -120.7081358848
261.6900000000   -3.5579820000    3.5052170000    3.3995010000 -117.0528294094
262.2200000000   -3.7395520000    3.3109980000    3.6205810000 -113.8587590752
262.7900000000   -3.9478710000    3.0582170000    3.9224430000 -110.2913316917
263.4200000000   -4.1505980000    2.7771640000    4.2524790000 -106.3263549991
264.0200000000   -4.2999120000    2.5426120000    4.5279220000 -102.7920549584
264.5850000000  -4.4540160000   2.2603860000   4.7632460000 -99.3840126269
265.2050000000  -4.5954890000   1.9535650000   4.9476840000 -95.5500705859
265.7850000000  -4.7118840000   1.6530420000   5.0258420000 -91.8797047219
266.3100000000  -4.8031280000   1.3629610000   5.0089670000 -88.5160726728
266.9350000000  -4.8955090000   0.9801270000   4.8494320000 -84.2314351407
267.4800000000  -4.9489530000   0.6511510000   4.6311810000 -80.5017365759
268.0550000000  -4.9823620000   0.3310070000   4.3478600000 -76.6346354019
268.6050000000  -4.9923210000   0.0203260000   4.0488840000 -72.9849690557
269.2200000000  -4.9834940000  -0.3095990000   3.7246330000 -69.0317957077
269.8500000000  -4.9495050000  -0.6552260000   3.4331200000 -65.0553099040
270.4750000000  -4.9016960000  -0.9463410000   3.2268190000 -61.3130924984
270.9950000000  -4.8492110000  -1.1914970000   3.1190170000 -58.3625966849
271.5250000000  -4.7768720000  -1.4539980000   3.0696350000 -55.3227520831
272.1300000000  -4.6705440000  -1.7668160000   3.1023120000 -51.7129292669
272.6950000000  -4.5577230000  -2.0392090000   3.2248060000 -48.2783303217
273.2750000000  -4.4083060000  -2.3438940000   3.4449240000 -44.5914270439
273.8650000000  -4.2248440000  -2.6610930000   3.7521040000 -40.6222063414
274.3900000000  -4.0682430000  -2.8960470000   4.0241430000 -37.2191808534
274.9350000000  -3.8995890000  -3.1199330000   4.3037190000 -33.7860923703
275.5050000000  -3.6971780000  -3.3576900000   4.5768620000 -30.2313424070
276.0800000000  -3.4926030000  -3.5719540000   4.8021130000 -26.6745144057
276.6200000000  -3.2434520000  -3.7951580000   4.9587810000 -23.2018468999
277.1600000000  -2.9950010000  -3.9951550000   5.0262140000 -19.6547190677
277.7300000000  -2.7166340000  -4.1900580000   4.9906660000 -15.8446278573
278.3450000000  -2.4080830000  -4.3749900000   4.8334190000 -11.7022796416
278.9650000000  -2.1258820000  -4.5196990000   4.6202730000  -7.7916587301
279.5350000000  -1.8979100000  -4.6217130000   4.3924930000  -4.5380054024
280.1000000000  -1.6231170000  -4.7233760000   4.1120070000  -1.2756961988
280.7300000000  -1.2904130000  -4.8223020000   3.7777690000   2.4874227653
281.2800000000  -0.9994840000  -4.8918030000   3.5075520000   5.8717099590
281.9200000000  -0.6431740000  -4.9518990000   3.2543820000   9.9317161746
282.4800000000  -0.3276910000  -4.9829860000   3.1172260000  13.5145046949
283.0800000000   0.0092960000  -4.9936270000   3.0722250000  17.4150052964
283.7150000000   0.3639100000  -4.9817010000   3.1414260000  21.5030395806
284.3250000000   0.6552440000  -4.9546590000   3.2859280000  25.2207894303
284.9300000000   0.9674340000  -4.9019740000   3.5246870000  28.8548687304
285.5750000000   1.3275070000  -4.8115560000   3.8447650000  32.8782838021
286.1100000000   1.5779580000  -4.7384780000   4.1166370000  36.0863143656
286.6500000000   1.8856540000  -4.6237290000   4.4204150000  39.5652667390
287.2650000000   2.2213750000  -4.4696150000   4.7217160000  43.6497208938
287.8200000000   2.4938380000  -4.3248640000   4.9139350000  47.3108459819
288.4450000000   2.8327410000  -4.1086200000   5.0202890000  51.6872139423
289.0150000000   3.0911330000  -3.9210760000   5.0103940000  55.4905529490
289.6300000000   3.3417170000  -3.7141600000   4.8921710000  59.3918564658
290.1700000000   3.5583460000  -3.5045870000   4.7056560000  62.7929289732
290.7550000000   3.7670630000  -3.2783480000   4.4464530000  66.4194797259
291.2750000000   3.9422400000  -3.0648010000   4.1836440000  69.6251286247
291.8900000000   4.1382050000  -2.7937100000   3.8564040000  73.4361403740
292.4750000000   4.3044000000  -2.5279790000   3.5784950000  77.0251281372
293.0000000000   4.4189240000  -2.3290240000   3.3793690000  80.0063821688
293.6300000000   4.5640880000  -2.0250830000   3.1856910000  83.7047012882
294.2450000000   4.6841960000  -1.7370020000   3.0842720000  87.2808700113
294.8000000000   4.7737130000  -1.4681990000   3.0710130000  90.5000196266
295.3800000000   4.8510860000  -1.1905010000   3.1416940000  93.8885506971
295.9700000000   4.9150730000  -0.8897890000   3.2972510000  97.3652096804
296.5150000000   4.9577140000  -0.6025240000   3.5182470000 100.6598707359
297.0900000000   4.9831960000  -0.3225760000   3.7348070000 103.9756430277
297.6700000000   4.9926210000  -0.2335530000   3.8234030000 106.1654481225
298.2350000000   4.9947040000  -0.2160730000   3.8408140000 107.3528084497
298.7750000000   4.9951920000  -0.2112790000   3.8384110000 107.8678039258
299.3500000000   4.9954840000  -0.2098450000   3.8342650000 108.0419472082
