0.0000000000  0.0000000000  0.0000000000  2.0000000000 -0.0000000061
0.0100000000  0.0057796572  0.0099733598  2.0158258556 -1.5264762876
0.0200000000  0.0518019677 -0.0345959410  2.0444615757 -5.2003904634
0.0300000000  0.1803321304 -0.1627999797  2.0631364992 -7.1710210580
0.0400000000   0.3027615915  -0.3214061944   2.0979238101 -13.0107777733
0.0500000000   0.3559957306  -0.5095276790   2.1121740057 -21.3534088075
0.0600000000   0.3299905882  -0.7562998962   2.1036975279 -25.8223172141
0.0700000000   0.2737603986  -1.0482774481   2.1549119972 -30.1512475129
0.0800000000   0.1928328827  -1.3463973198   2.1661858748 -36.9981805769
0.0900000000   0.0402791757  -1.6397411650   2.2169282214 -43.3356373349
0.1000000000  -0.1816292362  -1.8929923985   2.2199148499 -47.4288243496
0.1100000000  -0.4150369245  -2.1579023901   2.2713770358 -47.1489856321
0.1200000000  -0.6389421043  -2.4020902943   2.3152673235 -49.4832743569
0.1300000000  -0.8497180518  -2.6072379249   2.3435374640 -57.2587418179
0.1400000000  -1.0959687656  -2.7852820682   2.3624422529 -64.8025715669
0.1500000000  -1.3842752017  -2.9316446076   2.3486466534 -70.5250848831
0.1600000000  -1.6629772851  -3.0341840095   2.3343625176 -79.4897776201
0.1700000000  -1.9104023187  -3.0740992036   2.3208323094 -94.8562991159
0.1800000000   -2.1649397998   -3.0417961374    2.3476463114 -110.3364000705
0.1900000000   -2.3988539563   -2.9348118968    2.3409828039 -119.8875823763
0.2000000000   -2.6507721946   -2.7944535702    2.3451178057 -125.9595819248
0.2100000000   -2.8630639059   -2.5929476876    2.2942223940 -130.8550854498
0.2200000000   -3.0553949291   -2.3437266558    2.3041555438 -132.6778656571
0.2300000000   -3.2187515896   -2.0827110341    2.3216464178 -130.6571129407
0.2400000000   -3.4355611050   -1.8517107904    2.4069366402 -122.4329367605
0.2500000000   -3.6078586419   -1.6786545321    2.5161216643 -117.8440202201
0.2600000000   -3.7113295597   -1.5077614649    2.6161046779 -113.9345223760
0.2700000000   -3.8724851762   -1.3850722409    2.7168278390 -101.5411879342
0.2800000000  -4.0832939159  -1.3041878355   2.8654787321 -92.3326642336
0.2900000000  -4.2657898664  -1.2329356580   2.9427209852 -87.1808295239
0.3000000000  -4.5038805904  -1.1715010607   3.0736730934 -80.6971272171
0.3100000000  -4.7819281250  -1.1722251533   3.1749920699 -76.3225559015
0.3200000000  -5.0683425924  -1.2236678679   3.1992894904 -73.3202706172
0.3300000000  -5.3618586316  -1.3060090558   3.2367157137 -68.7988535067
0.3400000000  -5.6697812785  -1.3845171117   3.2743814108 -62.1684807159
0.3500000000  -5.9373821755  -1.4672793195   3.3700564292 -57.5255426542
0.3600000000  -6.1491814958  -1.5470700080   3.4831460328 -58.8771838163
0.3700000000  -6.3297712818  -1.5892138862   3.5778914017 -59.6577582805
0.3800000000  -6.5219821897  -1.6408401804   3.6757090385 -56.1384329926
0.3900000000  -6.6874075291  -1.7306817267   3.7793261931 -53.2281473046
0.4000000000  -6.8523419036  -1.7641481629   3.8440744884 -56.7867242716
0.4100000000  -7.0464606464  -1.8096252664   3.9464208841 -54.2700781309
0.4200000000  -7.1920707334  -1.8877009780   4.0294543789 -49.7698044923
0.4300000000  -7.3207208108  -1.9737849015   4.1191373185 -46.4076518279
0.4400000000  -7.4770266155  -2.0575577548   4.2542797837 -38.1987543749
0.4500000000  -7.5763772332  -2.1678239489   4.3633412640 -26.4767601225
0.4600000000  -7.6923660083  -2.3102022812   4.4837766413 -18.8010937447
0.4700000000  -7.8328778165  -2.4158831477   4.6003692412 -10.0538905396
0.4800000000 -7.8996674365 -2.5383176315  4.6825168028  3.9900476886
0.4900000000 -7.9775417986 -2.7087927534  4.8086024419  7.9280406408
0.5000000000 -8.0730831379 -2.8719463189  4.8916680823 10.8647294811
0.5100000000 -8.1737531182 -3.0765046016  4.9425097670 16.5356682547
0.5200000000 -8.2219959796 -3.3199707980  5.0670337132 21.5122611490
0.5300000000 -8.1882363729 -3.5854314604  5.0783388949 26.4291579803
0.5400000000 -8.1253242408 -3.8837652182  5.1136097398 30.4206934081
0.5500000000 -8.0788103062 -4.2119930970  5.1283304020 35.1965752438
0.5600000000 -7.9965846049 -4.4897157233  5.2030938456 44.6660348207
0.5700000000 -7.8661481123 -4.6950279306  5.3241248243 51.5265496847
0.5800000000 -7.7776884819 -4.8603282682  5.4023804907 51.0234496128
0.5900000000 -7.6878896000 -5.0241654591  5.5119611564 52.8718240520
0.6000000000 -7.5894215739 -5.1328229331  5.5959831223 59.7362015860
0.6100000000 -7.4622605341 -5.2492512446  5.6866135726 64.5149473390
0.6200000000 -7.3481907396 -5.3735964031  5.7877019381 66.5713297356
0.6300000000 -7.2136765891 -5.4503110834  5.8731979359 76.9491555117
0.6400000000 -7.0306660263 -5.5064927968  6.0166826958 86.0965632262
0.6500000000 -6.8334744291 -5.5917864794  6.0821755122 89.9540547043
0.6600000000 -6.5919909687 -5.6809386684  6.1243919229 97.0012986214
0.6700000000  -6.3138801361  -5.7409599076   6.1724152514 103.3990779025
0.6800000000  -6.0019462748  -5.7505592567   6.1661084818 108.9484374607
0.6900000000  -5.6661642249  -5.7422604624   6.1905726654 113.1933004324
0.7000000000  -5.3831427232  -5.7168248211   6.2626908643 121.8409452767
0.7100000000  -5.1367689405  -5.6621426291   6.3303175059 131.3514849672
0.7200000000  -4.9245287606  -5.5865054582   6.4525670448 133.6054823515
0.7300000000  -4.7315983139  -5.5496497953   6.5558670610 132.8577352192
0.7400000000  -4.5553556945  -5.4820635058   6.6418800000 138.4326368094
0.7500000000  -4.4049942034  -5.3819044688   6.7696870202 143.6365174400
0.7600000000  -4.2222111222  -5.3068541331   6.8504548646 143.6175564856
0.7700000000  -4.0466429761  -5.2095906842   6.9785076591 151.4197038647
0.7800000000  -3.9166159392  -5.0725207783   7.1126686952 158.8238069305
0.7900000000  -3.7704219392  -4.9631665808   7.1830468086 160.1968715764
0.8000000000  -3.5672188472  -4.7987583486   7.3146353884 164.1964762270
0.8100000000  -3.4236563414  -4.5963477569   7.3928030438 173.2419146642
0.8200000000  -3.2891261373  -4.3287075002   7.3710032364 179.4046321322
0.8300000000   -3.1574377708   -4.0242126394    7.3781766578 -176.3472035655
0.8400000000   -3.0235726507   -3.7129511626    7.3302994385 -168.0318734823
0.8500000000   -2.9525933717   -3.3544507013    7.3608388077 -155.2642608024
0.8600000000   -2.9622360442   -3.0341223277    7.3399709861 -143.2667340305
0.8700000000   -3.0067757364   -2.6685316010    7.3511680510 -135.1076739681
0.8800000000   -3.0834195358   -2.3261893569    7.3661242941 -123.7452701221
0.8900000000   -3.1653525385   -1.9993552154    7.4148389673 -111.1270537607
0.9000000000   -3.2947740445   -1.7558202610    7.4988102505 -100.2115533185
0.9100000000  -3.4032791623  -1.5764717497   7.6102349904 -96.2302958729
0.9200000000  -3.5063217173  -1.4049278132   7.7192854853 -89.8761965046
0.9300000000  -3.6194550470  -1.2958987081   7.8313806438 -76.9630434745
0.9400000000  -3.8063827403  -1.2096942259   7.9700863002 -73.8399395993
0.9500000000  -3.9753318615  -1.1108793228   8.0462715966 -71.3110191506
0.9600000000  -4.1618080967  -1.0124919477   8.1589124298 -66.3099559857
0.9700000000  -4.3706209327  -0.9930151866   8.2172599784 -61.8012161141
0.9800000000  -4.6350595857  -0.9696051498   8.2071370731 -57.5954184961
0.9900000000  -4.9439079735  -0.9273552468   8.2006593148 -55.3098674184
1.0000000000  -5.2523433042  -0.8964535405   8.2065270689 -49.7591844984
1.0100000000  -5.5738742764  -0.9112355041   8.2380687107 -44.9190961251
1.0200000000  -5.8774590526  -0.9482671472   8.3142177597 -44.1403142627
1.0300000000  -6.1202962625  -0.9795956681   8.4427562899 -39.4045913166
1.0400000000  -6.3088869764  -1.0449046464   8.5332998140 -31.9509617386
1.0500000000  -6.4683599885  -1.1364310216   8.6587749134 -29.4658193513
1.0600000000  -6.6327385851  -1.1697967626   8.7232797177 -33.8510074891
1.0700000000  -6.8012880274  -1.2408269797   8.8209315153 -30.5716875265
1.0800000000  -6.9353077296  -1.3537721527   8.9273241190 -25.2329921498
1.0900000000  -7.0981553583  -1.4324770646   8.9992322536 -29.1989523906
1.1000000000  -7.2722842615  -1.5338910541   9.1086719987 -26.4465232993
1.1100000000  -7.3904863425  -1.6527356869   9.2671610431 -19.1447226214
1.1200000000  -7.5167359640  -1.7432119089   9.3440173306 -21.2790911102
1.1300000000  -7.6598835648  -1.8770970840   9.4509742780 -17.8014431163
1.1400000000 -7.7577990305 -2.0411101802  9.5404205183 -7.7706189283
1.1500000000 -7.8613819601 -2.2537555975  9.6567941182 -3.0431185646
1.1600000000 -7.9694194442 -2.4353594945  9.7271934834 -0.5794302775
1.1700000000 -8.1053554719 -2.6684206053  9.7192277173  6.3463377551
1.1800000000 -8.1920358422 -2.9731207602  9.7790123510 15.7189020840
1.1900000000 -8.2215578469 -3.3100995530  9.7329642206 22.6825169031
1.2000000000 -8.1905530864 -3.6787365868  9.7750262291 27.4219908580
1.2100000000 -8.1580545789 -4.0032529504  9.8008632213 33.2205193125
1.2200000000 -8.0739420724 -4.3256886503  9.8587171801 46.2287650729
1.2300000000 -7.9394717717 -4.5562979236  9.9658277200 56.6905955790
1.2400000000 -7.8556044923 -4.7447055366 10.0495541885 54.6350398384
1.2500000000 -7.7588222756 -4.9082635110 10.1539931546 59.7610728281
1.2600000000 -7.6598287584 -5.0118142099 10.2120985901 70.2198098117
1.2700000000 -7.5283601469 -5.1377643766 10.2916147925 70.2156577415
1.2800000000 -7.4278205175 -5.2585677475 10.3543967653 71.9698797201
1.2900000000 -7.2820412792 -5.3627959266 10.4222325973 82.9125413090
1.3000000000 -7.0525767887 -5.3997644786 10.5367455171 90.7961338653
1.3100000000 -6.8357659154 -5.4359413707 10.6318972127 94.4041703680
1.3200000000 -6.5952463432 -5.4777439661 10.6733637904 97.4662348578
1.3300000000  -6.3086136216  -5.4917111534  10.7378134680 105.6948100705
1.3400000000  -5.9686447096  -5.4489633942  10.7881074419 111.7511192944
1.3500000000  -5.6122450486  -5.3486371824  10.7990353457 111.9788718227
1.3600000000  -5.2705383132  -5.2824439264  10.8597741453 109.1889984220
1.3700000000  -4.9595904990  -5.2370949532  10.9041633292 109.8637274946
1.3800000000  -4.6995848801  -5.1457916888  10.9823948814 112.9172592619
1.3900000000  -4.4977224039  -5.0459632272  11.0516196925 111.7298174390
1.4000000000  -4.3242078458  -5.0056419063  11.1258598638 106.5273541606
1.4100000000  -4.1589300768  -4.9531611781  11.2166798884 111.9642739680
1.4200000000  -4.0203575527  -4.8756463430  11.2952230629 113.1368427259
1.4300000000  -3.8659959793  -4.8216211440  11.3513260536 112.0713068242
1.4400000000  -3.6941215745  -4.7837708225  11.4179537668 109.0625081744
1.4500000000  -3.5276547802  -4.7217123670  11.4889538659 112.2446546217
1.4600000000  -3.3427206401  -4.6665846434  11.5504427390 108.3075451893
1.4700000000  -3.1540994708  -4.6349166257  11.6627518556 102.3615574795
1.4800000000  -2.9680866199  -4.5691551644  11.7622200799 102.8830494490
1.4900000000  -2.7405844480  -4.4862896453  11.8014995853 102.5021155448
1.5000000000 -2.4929366556 -4.4411733764 11.8835617526 97.8984148874
1.5100000000 -2.2634268161 -4.4450938172 11.9175549306 93.4538843504
1.5200000000 -1.9560383634 -4.4832800355 11.9229590564 88.4777242129
1.5300000000 -1.5998293511 -4.4872134749 11.9714217748 87.6212939696
1.5400000000 -1.2208890688 -4.4869917166 11.9385016244 86.7101745130
1.5500000000 -0.8174872645 -4.5105542180 11.9913637883 82.6046331621
1.5600000000 -0.4391437263 -4.5492588688 11.9749486186 81.5415635670
1.5700000000 -0.0304997390 -4.5936693194 12.0195006187 85.6622975089
1.5800000000  0.3370911467 -4.5989693938 12.0303482268 87.6135973539
1.5900000000  0.7399043922 -4.6021964407 12.0556379796 85.3709857513
1.6000000000  1.1088613537 -4.6130100893 12.0951294116 83.0786790196
1.6100000000  1.4942300065 -4.6637968919 12.1373364581 84.2606107378
1.6200000000  1.8795396461 -4.7216889739 12.1811808360 80.9917163877
1.6300000000  2.2510086740 -4.7853211349 12.2111546703 75.7477036598
1.6400000000  2.6044642629 -4.8967260747 12.2517282726 73.0244107120
1.6500000000  2.9415993756 -4.9931887054 12.2322069110 72.3824279179
1.6600000000  3.3194491634 -5.0862413821 12.2567787559 77.3047847861
1.6700000000  3.7009172932 -5.1705265199 12.2241142175 74.5776514675
1.6800000000  4.0764891128 -5.2970991751 12.2587201186 69.5988900208
1.6900000000  4.4335853868 -5.4693985902 12.2432020451 64.6605606922
1.7000000000  4.8182584056 -5.5909878751 12.2652668933 67.9215211665
1.7100000000  5.1996564535 -5.6995581363 12.2205100411 71.2256931544
1.7200000000  5.6238247408 -5.7956326338 12.1828482470 70.7377889291
1.7300000000  5.9693871131 -5.9261203629 12.1553561576 74.5555714160
1.7400000000  6.3427631713 -6.0422837774 12.1508312283 81.6335730993
1.7500000000  6.7273471407 -6.1198349115 12.1555383854 88.1048952075
1.7600000000  7.1312612363 -6.1900874859 12.1210100709 91.2980929860
1.7700000000  7.5262926827 -6.2712477964 12.1358266006 92.4058186457
1.7800000000  7.9171109455 -6.3487254898 12.0823184475 96.8083637074
1.7900000000   8.3265164490  -6.3576639971  12.1157531989 103.6266768463
1.8000000000   8.7190186751  -6.3498634322  12.0584691591 106.2712280289
1.8100000000   9.1150867935  -6.3285602838  12.1000306024 106.6584596767
1.8200000000   9.4958700619  -6.3230523193  12.0630249333 108.5990411567
1.8300000000   9.8931162595  -6.2533122571  12.0976381247 115.5408955174
1.8400000000  10.2435748226  -6.1586270587  12.0705663246 119.1059421879
1.8500000000  10.6237489528  -6.0456500283  12.0898263160 117.1955565463
1.8600000000  10.9963310148  -5.9390714232  12.0587594040 119.1121672623
1.8700000000  11.3849741328  -5.7851886497  12.0431112550 126.0378291635
1.8800000000  11.7177488161  -5.6145943398  12.0469615139 129.9439816871
1.8900000000  12.0800066584  -5.4361229618  12.0349620029 129.1409145599
1.9000000000  12.4294270973  -5.2710332494  12.0713436319 127.3578907310
1.9100000000  12.7936490742  -5.0892853545  12.0399821959 130.5153419884
1.9200000000  13.1246323450  -4.8586281741  12.0884957110 136.4245289640
1.9300000000  13.4277659719  -4.6156583476  12.0409404653 140.9988585635
1.9400000000  13.7190868839  -4.3378943086  12.0660658468 144.5936266792
1.9500000000  13.9914956732  -4.0687886852  12.0221167924 150.2669954489
1.9600000000  14.2349795644  -3.7465234301  12.0567808148 158.0531776973
1.9700000000  14.4397862432  -3.4266198217  12.0083526052 161.9024546787
1.9800000000  14.6526095568  -3.0760570129  12.0248259074 162.5014848185
1.9900000000  14.8597380380  -2.7803211643  12.0145583397 163.3040556900
2.0000000000  15.0628463770  -2.4444368231  12.0269417144 168.1849291148
2.0100000000  15.2367121801  -2.1022399754  12.0144982673 168.6749777617
2.0200000000  15.4168489577  -1.7389277805  11.9936239935 163.2887376224
2.0300000000  15.5981099967  -1.3929636343  12.0078319571 159.9452307598
2.0400000000  15.7656900435  -1.0364465102  11.9849870344 163.3366341998
2.0500000000  15.8816887654  -0.6479678916  12.0162629972 167.9026751113
2.0600000000  15.9670944742  -0.2522011452  11.9708048841 169.9500519787
2.0700000000  16.0287515900   0.1434757423  12.0005247326 171.6847816809
2.0800000000  16.0852434103   0.5383998391  11.9578552482 177.1436192337
2.0900000000   16.0852349744    0.9471234524   11.9944413019 -175.9287559969
2.1000000000   16.0762529532    1.3416780804   11.9524553158 -173.2523061820
2.1100000000   16.0619968572    1.7525230273   11.9834996307 -173.0630243926
2.1200000000   16.0401314948    2.1403140210   11.9522644854 -169.5974957850
2.1300000000   15.9716609816    2.5421773864   11.9711610543 -163.5346271776
2.1400000000   15.8618684223    2.9059701078   11.9436214240 -157.4971478298
2.1500000000   15.7481365134    3.2951534107   11.9488844708 -157.5509837773
2.1600000000   15.6309367474    3.6661616261   11.9424252211 -155.8610524904
2.1700000000   15.4890462449    4.0500514399   11.9426060212 -150.0881787610
2.1800000000   15.3091470203    4.4041910309   11.9513621796 -145.3371881448
2.1900000000   15.1350321904    4.7603023950   11.9227870334 -146.7932905705
2.2000000000   14.9548580960    5.1182783442   11.9450534776 -147.6616491146
2.2100000000   14.7631681036    5.4576228647   11.9056623555 -143.0219714168
2.2200000000   14.5358944393    5.7748472926   11.9391597511 -136.8582943131
2.2300000000   14.3028578009    6.0806459002   11.8904961111 -133.7425033779
2.2400000000   14.0588859811    6.3950581310   11.9343059791 -133.8143374769
2.2500000000   13.8235036318    6.6861319465   11.9003133882 -129.7151549196
2.2600000000   13.5373821016    6.9607420854   11.9437500003 -121.7013443429
2.2700000000   13.2479867504    7.1929817066   11.9109611787 -117.0397848400
2.2800000000   12.9306291874    7.4338682485   11.9268155776 -117.2292568432
2.2900000000   12.6419161910    7.6415040174   11.9232159546 -116.0198648620
2.3000000000   12.2888114925    7.8473621139   11.9420497311 -109.4442120952
2.3100000000   11.9565438759    8.0067116280   11.9549545274 -105.3928515567
2.3200000000   11.6024510495    8.1860543531   11.9382579940 -106.3372781157
2.3300000000   11.2501931562    8.3557896630   11.9632667609 -107.6405400665
2.3400000000   10.8741328634    8.5100236851   11.9216299834 -104.7895224327
2.3500000000  10.4982107855   8.6191274427  11.9708401970 -99.4769217756
2.3600000000  10.1114876551   8.7246383405  11.9157978004 -99.0002304236
2.3700000000   9.7275747463   8.8375284874  11.9480685044 -99.9754217075
2.3800000000   9.3530700679   8.9494438927  11.9093456072 -97.1427114478
2.3900000000   8.9622910094   9.0173849766  11.9630099976 -90.4876316543
2.4000000000   8.5922151660   9.0681005130  11.9235097857 -86.4733005711
2.4100000000   8.1951063495   9.1070774336  11.9539280436 -87.0593412147
2.4200000000   7.8339257866   9.1276606900  11.9398539100 -84.8058337509
2.4300000000   7.4344194299   9.1033113159  11.9418142892 -77.1132462767
2.4400000000   7.0625466194   9.0216484815  11.9313175690 -70.9388836668
2.4500000000   6.6753675577   8.9360138358  11.9012425745 -69.7463477814
2.4600000000   6.3119196152   8.8588957110  11.9276405228 -68.3820877987
2.4700000000   5.9338530355   8.7728266121  11.8980654352 -64.1495371513
2.4800000000   5.5787225134   8.6280059969  11.9348961677 -58.6585513793
2.4900000000   5.2241568064   8.4697633748  11.8766538902 -57.1554105250
2.5000000000   4.8720588232   8.3124014533  11.9168698560 -59.4919905883
2.5100000000   4.5283651496   8.1481407698  11.8576770581 -56.9168161334
2.5200000000   4.1924352731   7.9270041567  11.8952675552 -50.7248259292
2.5300000000   3.9003670890   7.6895181424  11.8496879161 -46.1452790584
2.5400000000   3.5797798386   7.4250076911  11.8919216983 -47.1782056405
2.5500000000   3.2947433979   7.1796499384  11.8799412420 -45.6825905889
2.5600000000   2.9988866371   6.8850142429  11.8857306523 -37.7859266528
2.5700000000   2.7887205605   6.5830245818  11.8788647827 -30.4710833002
2.5800000000   2.5557322676   6.2601225607  11.8670117408 -29.9610423987
2.5900000000   2.3334240775   5.9458785852  11.8836506213 -28.8411433236
2.6000000000   2.1252094561   5.6080360094  11.8489524339 -23.3845342302
2.6100000000   1.9747524612   5.2475444585  11.8855904653 -17.0942507784
2.6200000000   1.8286006393   4.8807202794  11.8254929856 -16.2795843858
2.6300000000   1.6983085472   4.5178601729  11.8725636197 -17.7412960904
2.6400000000   1.5670586126   4.1692504181  11.8208352558 -16.9422161581
2.6500000000   1.4739194806   3.7839323288  11.8494709687 -11.8025788369
2.6600000000  1.4125515058  3.4163814194 11.8137695466 -9.0050506171
2.6700000000   1.3204415423   3.0126283413  11.8413375994 -13.2502582713
2.6800000000   1.2231948981   2.6382271890  11.8341506364 -14.3995723458
2.6900000000   1.1121584263   2.2378186977  11.8293273603 -11.3960968364
2.7000000000   1.0291459532   1.8627150763  11.8413590471 -11.2170324905
2.7100000000   0.9408225254   1.4841343047  11.8043212612 -15.7642773728
2.7200000000   0.8234282089   1.1289919197  11.8337975163 -19.7975664191
2.7300000000   0.6822440204   0.7748987710  11.7915817346 -21.0342510704
2.7400000000   0.5880821643   0.3977640360  11.8396826038 -18.8193913684
2.7500000000   0.4814826264   0.0399382579  11.7940198063 -22.4474049640
2.7600000000   0.3497834189  -0.3223027012  11.8262533209 -29.1105949216
2.7700000000   0.1815252994  -0.6372367706  11.7789414453 -33.0137816752
2.7800000000  -0.0104300021  -0.9856091375  11.8041759896 -33.0131240565
2.7900000000  -0.1904256450  -1.2905880170  11.7842817779 -35.2426759525
2.8000000000  -0.4185564012  -1.5968001217  11.8026697031 -43.4771892881
2.8100000000  -0.6609200803  -1.8485419054  11.8081504641 -49.7227184758
2.8200000000  -0.9461774124  -2.1054825573  11.7692356410 -50.4343704593
2.8300000000  -1.2068725290  -2.3591162731  11.7927877702 -50.3931569720
2.8400000000  -1.4882849066  -2.5786876123  11.7353282745 -55.1205342084
2.8500000000  -1.7887794725  -2.7663249714  11.7615569885 -61.3877287398
2.8600000000  -2.1110017678  -2.9451769744  11.6871516277 -63.2574027865
2.8700000000  -2.4267433960  -3.1430954797  11.7090246800 -59.2443900954
2.8800000000  -2.7140552875  -3.3417554236  11.6909932293 -57.8713459332
2.8900000000  -3.0333600133  -3.5308939467  11.6610488170 -65.4226607823
2.9000000000  -3.3008013586  -3.6489937941  11.6594578323 -72.0871928253
2.9100000000  -3.5706359256  -3.7799721489  11.6050482622 -72.2118536642
2.9200000000  -3.7987227249  -3.8993964864  11.5979027136 -74.6357475762
2.9300000000  -3.9579155873  -3.9602157574  11.5310904174 -83.9282759839
2.9400000000  -4.0871674753  -4.0527572524  11.4126812466 -93.8411692780
2.9500000000  -4.2127504965  -4.1786370471  11.3192379880 -95.4891268987
2.9600000000  -4.3629046074  -4.2908375595  11.1930125525 -95.4388654198
2.9700000000   -4.5064713336   -4.3866094824   11.0970804088 -100.5669450619
2.9800000000   -4.6454062147   -4.4643286079   10.9797739976 -108.8525162824
2.9900000000   -4.7843605040   -4.5149553161   10.8607387204 -114.4765867304
3.0000000000   -4.9096367058   -4.5729420001   10.7621576254 -119.3630304665
3.0100000000   -5.0491616678   -4.6312885907   10.6619655377 -122.7948789848
3.0200000000   -5.2129955389   -4.7061294187   10.5351891889 -120.4196612574
3.0300000000   -5.3808862801   -4.7981371250   10.3932510857 -127.4243057632
3.0400000000   -5.6004184786   -4.8855144112   10.2705335676 -131.7578759635
3.0500000000   -5.8811094540   -4.9342320078   10.1848377495 -134.8713302871
3.0600000000   -6.1967322220   -4.9878902230   10.1833306387 -135.6295527929
3.0700000000   -6.4901629378   -4.9599839614   10.1725023165 -140.0758467264
3.0800000000   -6.7599975511   -4.8506833091   10.1469638741 -140.8797581192
3.0900000000   -7.0247082542   -4.7331367338   10.1484783782 -140.8462327301
3.1000000000   -7.2570343537   -4.6132913167   10.1314027577 -145.6411210383
3.1100000000   -7.4654254603   -4.4501918120   10.1135750618 -155.3123388028
3.1200000000   -7.5812728771   -4.2710061410   10.1341590051 -170.5299754904
3.1300000000   -7.6870829776   -4.0918914756   10.1557045496 -179.6639868757
3.1400000000  -7.7710304094  -3.9591779408  10.1263427891 169.2691368084
3.1500000000  -7.8641327449  -3.8540149549  10.0013725684 157.8564750953
3.1600000000  -7.9479490786  -3.7151816505   9.8641552073 154.1288794714
3.1700000000  -8.0244930915  -3.6032719925   9.7608498750 149.5190781540
3.1800000000  -8.0886841143  -3.5153873384   9.6296056772 141.7488493422
3.1900000000  -8.1634476068  -3.3878719187   9.5144120989 140.9220385553
3.2000000000  -8.2319319818  -3.2342686550   9.3972179500 138.1559501690
3.2100000000  -8.2873718296  -3.0763153248   9.2790758681 134.4572492133
3.2200000000  -8.2701201157  -2.8520368434   9.2181629102 131.3241526683
3.2300000000  -8.2252441916  -2.6005632300   9.2090870958 127.1354777201
3.2400000000  -8.1334566833  -2.3300810248   9.1782747410 119.5375518651
3.2500000000  -8.0152704650  -2.0950709227   9.2091712866 110.4743828037
3.2600000000  -7.8617062415  -1.8734683096   9.1800296766 102.3507220232
3.2700000000 -7.6691141026 -1.6383527584  9.1804419881 96.7074657487
3.2800000000 -7.4719269784 -1.4021112902  9.1961642909 92.0129418845
3.2900000000 -7.2715997870 -1.1789699093  9.1644545295 87.0300898810
3.3000000000 -7.0852213324 -1.0212119575  9.1505904039 83.6330168461
3.3100000000 -6.8898136629 -0.9000324720  9.0157089462 81.9849255453
3.3200000000 -6.7226609506 -0.7825915263  8.8715893253 80.6770716518
3.3300000000 -6.5886604005 -0.6816866341  8.7300457877 78.3517234485
3.3400000000 -6.4324746481 -0.6064892810  8.6076568247 79.4391092655
3.3500000000 -6.2984527278 -0.5406969224  8.4959783052 74.9405443789
3.3600000000 -6.1506330896 -0.4703932614  8.3505176025 70.7249715083
3.3700000000 -5.9768002065 -0.4134840875  8.2269540595 70.4124610166
3.3800000000 -5.8270765171 -0.3634216699  8.1322248238 65.6711734029
3.3900000000 -5.6660495998 -0.2859765716  8.0221432545 63.6698688507
3.4000000000 -5.4767753391 -0.2544809997  7.9013066651 60.2859328672
3.4100000000 -5.3223014754 -0.2300662251  7.8092061539 53.3952182929
3.4200000000 -5.1243251340 -0.2656286264  7.7093991726 47.1492657794
3.4300000000 -4.9238838460 -0.3430323091  7.6884191500 38.4142355874
3.4400000000 -4.7109109885 -0.4240358230  7.6941284748 32.5377685796
3.4500000000 -4.5263347855 -0.5571247468  7.6834801526 28.7564973988
3.4600000000 -4.3467320180 -0.7374492934  7.6572072571 29.5528722211
3.4700000000 -4.1431514811 -0.9461602615  7.6555569736 35.0347315463
3.4800000000 -3.9624795008 -1.1478715881  7.6270561377 37.4014233437
3.4900000000 -3.8364253720 -1.3314353803  7.6091356358 39.3653482997
3.5000000000 -3.7433765654 -1.5087925282  7.5067842613 43.5475513878
3.5100000000 -3.6583866825 -1.7028044138  7.3675149680 45.3144918176
3.5200000000 -3.5570647882 -1.8858049635  7.2232065825 47.3144539426
3.5300000000 -3.4568613650 -2.0544019964  7.0652626422 53.7452601560
3.5400000000 -3.3257217664 -2.2393813695  6.9546165315 56.9010133847
3.5500000000 -3.1900465165 -2.4420339435  6.8680251410 56.5293130447
3.5600000000 -2.9879261188 -2.6732886151  6.7830706081 61.6614943523
3.5700000000 -2.7413755795 -2.8956929529  6.7645583432 64.8285735997
3.5800000000 -2.4533532743 -3.1180658903  6.7816718370 67.2485622344
3.5900000000 -2.1665377490 -3.3300326129  6.8018235622 68.5245511527
3.6000000000 -1.8561235965 -3.5235754590  6.8272364667 72.4191661044
3.6100000000 -1.5189237281 -3.6775172411  6.8652500312 77.6050867567
3.6200000000 -1.1742552266 -3.8103586071  6.8575543538 80.5555691538
3.6300000000 -0.8133153107 -3.9390426436  6.8965761842 80.3109760071
3.6400000000 -0.4567537954 -4.0382785877  6.8760857908 82.7372226643
3.6500000000 -0.0611011666 -4.0914839577  6.9207393441 86.3187088714
3.6600000000  0.3462099603 -4.1247630764  6.8891122206 85.3261894231
3.6700000000  0.7346973256 -4.1572744045  6.9325508815 82.3078451011
3.6800000000  1.1176680814 -4.2274451456  6.8945824182 78.1506079175
3.6900000000  1.5193345086 -4.2933966110  6.9349040228 76.4690309456
3.7000000000  1.9092801364 -4.3620267801  6.9051888245 75.3041526995
3.7100000000  2.2977873750 -4.4674421818  6.9307515707 68.9801987128
3.7200000000  2.6609454493 -4.6102206298  6.9041010506 64.3878505585
3.7300000000  3.0399221583 -4.7500556131  6.9098264438 65.8617711793
3.7400000000  3.4211473399 -4.8729985776  6.9130178020 69.1732869482
3.7500000000  3.7859655135 -5.0205810833  6.8885109231 66.6629223866
3.7600000000  4.1770640572 -5.1828281174  6.8981412016 66.3689020538
3.7700000000  4.5547774000 -5.3441985072  6.8797125024 70.2840069093
3.7800000000  4.9509238016 -5.4751308708  6.9352702677 74.4594925149
3.7900000000  5.3306826877 -5.5919538032  6.9016407997 77.6479921847
3.8000000000  5.7047932182 -5.7172265616  6.9445951527 77.7890254282
3.8100000000  6.0718063041 -5.8342370365  6.8995770318 80.7807587073
3.8200000000  6.4590750881 -5.9196420721  6.9400757166 87.0001920881
3.8300000000  6.8358465704 -5.9950483812  6.9020661572 91.2307568052
3.8400000000  7.2430019551 -6.0401180933  6.9427783066 91.9534000316
3.8500000000  7.6380631914 -6.0775255280  6.9260418424 95.1066814218
3.8600000000   8.0506176703  -6.0842101106   6.9471615426 101.5784742740
3.8700000000   8.4435343446  -6.0555103278   6.9508199053 106.9685722220
3.8800000000   8.8319913254  -6.0122690603   6.9443960155 108.4834167956
3.8900000000   9.2204352978  -5.9862774535   6.9548689179 109.2003846770
3.9000000000   9.6068498622  -5.9329183351   6.9310982423 113.5305206279
3.9100000000   9.9934734517  -5.8427075326   6.9730572614 118.0492010404
3.9200000000  10.3672303979  -5.7527194782   6.9303988983 119.8852188123
3.9300000000  10.7650440283  -5.6526927785   6.9931608808 117.7897744054
3.9400000000  11.1502294981  -5.5538827508   6.9495577645 118.5283935936
3.9500000000  11.5206716728  -5.3867611113   6.9919618906 124.3922867589
3.9600000000  11.8680769108  -5.1895464014   6.9371598371 129.2744204290
3.9700000000  12.2103392610  -4.9693297202   6.9734366722 129.9248077197
3.9800000000  12.5372073531  -4.7562905692   6.9418283375 133.9655788616
3.9900000000  12.8625856575  -4.4939936759   6.9672104319 140.6867654688
4.0000000000  13.1438247644  -4.2210490403   6.9497796468 145.2020982857
4.0100000000  13.4517010627  -3.9264750177   6.9494884835 145.4025877462
4.0200000000  13.7415338227  -3.6598573475   6.9567173557 145.8403302862
4.0300000000  14.0223072425  -3.3605881249   6.9363053596 150.6911600341
4.0400000000  14.2479774901  -3.0370330014   6.9551962683 157.1651749037
4.0500000000  14.4836302441  -2.6888460187   6.9060196602 158.4753773411
4.0600000000  14.6917730989  -2.3574820769   6.9531184090 158.8519589184
4.0700000000  14.8914690662  -2.0037973700   6.9108216639 162.9908226599
4.0800000000  15.0486370931  -1.6540732777   6.9700304345 168.1648573943
4.0900000000  15.2000219636  -1.2987691251   6.9225402887 169.7785751782
4.1000000000  15.3284636862  -0.9419557448   6.9815793019 168.3663015451
4.1100000000  15.4409291356  -0.5815073752   6.9365814186 170.4429157715
4.1200000000  15.5119785796  -0.1987756833   6.9906606013 177.2997030408
4.1300000000   15.5545354053    0.1726095318    6.9611425928 -179.4830694172
4.1400000000  15.5977953988   0.5831760507   6.9872741951 178.7887210914
4.1500000000   15.6377439134    0.9722533797    6.9765821676 -179.5500640686
4.1600000000   15.6608427890    1.3870083208    6.9710215868 -172.7665076472
4.1700000000   15.6410855507    1.7734064940    6.9786105321 -166.9426889572
4.1800000000   15.6038230350    2.1756141746    6.9519845073 -165.6409197002
4.1900000000   15.5752609248    2.5760699425    6.9866000709 -162.9685986161
4.2000000000   15.5365518010    2.9823471338    6.9327284294 -157.7862545627
4.2100000000   15.4447687804    3.3663614827    6.9760972828 -152.0943473084
4.2200000000   15.3353454891    3.7491088439    6.9256612422 -148.8049218819
4.2300000000   15.2111149657    4.1277169377    6.9835990694 -149.0463089836
4.2400000000   15.0912648172    4.5065563160    6.9360467801 -147.7529276359
4.2500000000   14.9208728000    4.8683523998    6.9807459237 -141.6542873305
4.2600000000   14.7405733594    5.1993501014    6.9344667295 -137.5739119045
4.2700000000   14.5422897978    5.5642203992    6.9593715638 -137.7629268452
4.2800000000   14.3663288880    5.9022734962    6.9379386715 -137.0655013640
4.2900000000   14.1412973499    6.2432764970    6.9712884385 -130.6027963478
4.3000000000   13.9009860579    6.5380569910    6.9662861121 -126.0643606911
4.3100000000   13.6270328591    6.8494126126    6.9568130741 -125.7509443336
4.3200000000   13.3754570577    7.1125304275    6.9815816555 -123.8489803261
4.3300000000   13.0876532542    7.3704680989    6.9516704813 -118.7372925401
4.3400000000   12.7669473206    7.5800734842    6.9854303263 -111.5579196101
4.3500000000   12.4453929133    7.7769927144    6.9222555591 -108.8666150226
4.3600000000   12.0972628180    7.9752984300    6.9784147553 -108.6528661294
4.3700000000   11.7562751305    8.1554982837    6.9438428574 -106.2506181453
4.3800000000  11.3869792728   8.3006015126   7.0019291959 -99.0881893773
4.3900000000  11.0062234138   8.4248535816   6.9437474310 -95.6121972455
4.4000000000  10.6161430308   8.5498111237   6.9777572676 -97.4257517065
4.4100000000  10.2658128408   8.6774934409   6.9438739646 -96.9962989376
4.4200000000   9.8844644075   8.7604536919   6.9814355782 -89.4114645329
4.4300000000   9.5323742113   8.8174643545   6.9786956307 -85.6211744371
4.4400000000   9.1273213868   8.8898519688   6.9771587541 -87.1771106004
4.4500000000   8.7465957817   8.9552547831   6.9944895813 -88.2486234452
4.4600000000   8.3211821070   8.9831336716   6.9718656088 -82.3623750708
4.4700000000   7.9348821654   8.9430917703   7.0068519187 -74.3832429702
4.4800000000   7.5338247605   8.9041213153   6.9575750920 -73.0239920558
4.4900000000   7.1374815303   8.8666234579   7.0120293131 -74.1367210400
4.5000000000   6.7393393444   8.8185925263   6.9564759658 -72.2848405219
4.5100000000   6.3651064735   8.6896666207   7.0133804503 -65.0999386326
4.5200000000   6.0029184596   8.5504506326   6.9575847916 -59.0098464759
4.5300000000   5.6108288119   8.3932528865   7.0067090853 -58.7269014905
4.5400000000   5.2411600042   8.2614565630   6.9939360247 -59.8274500472
4.5500000000   4.8445932739   8.0926509968   7.0190119442 -55.4122551769
4.5600000000   4.5231676030   7.8973654032   6.9971204090 -52.1035650014
4.5700000000   4.1858045770   7.6653747781   6.9808090352 -51.3729376834
4.5800000000   3.8640287647   7.4554484542   6.9801322532 -50.4618394861
4.5900000000   3.5535350355   7.1917050298   6.9541210646 -42.8649860685
4.6000000000   3.2655415452   6.9115036070   6.9641166905 -36.8120572232
4.6100000000   2.9911936291   6.6254445404   6.9259822291 -34.9145421245
4.6200000000   2.7399561673   6.3249485903   6.9743279304 -33.3421583138
4.6300000000   2.4910699141   6.0322681700   6.9501371219 -29.1325585796
4.6400000000   2.2925575249   5.6816096052   6.9810437866 -21.8824568334
4.6500000000   2.1113666804   5.3351041330   6.9043755647 -19.2434215284
4.6600000000   1.9209799476   4.9727904435   6.9473145745 -22.0849508801
4.6700000000   1.7545399398   4.6300848093   6.9123803848 -21.5593985803
4.6800000000   1.6084755261   4.2463561299   6.9603285796 -15.3368555362
4.6900000000   1.4919705676   3.8719500205   6.9337067123 -12.5269840543
4.7000000000   1.3800918984   3.4656790750   6.9407399203 -12.4992663486
4.7100000000   1.2702444328   3.0879789133   6.9299580192 -13.4763706768
4.7200000000   1.1790843771   2.7064688981   6.9337949015 -10.5118702335
4.7300000000   1.1203482952   2.3190583669   6.9520559222 -10.0364557568
4.7400000000   1.0646457211   1.9432760453   6.9208169636 -13.0351283987
4.7500000000   0.9951270664   1.5581762872   6.9645316739 -16.9255788281
4.7600000000   0.8938936591   1.1778734777   6.9266106541 -18.9476189660
4.7700000000   0.8002162639   0.8079243638   6.9771285122 -20.2752936215
4.7800000000   0.6912095495   0.4483310452   6.9301776294 -25.9574114810
4.7900000000   0.5734139557   0.0898569719   6.9714143085 -32.5184754000
4.8000000000   0.4118694637  -0.2493942679   6.9191942168 -36.7536484961
4.8100000000   0.2413028838  -0.5872350105   6.9411937874 -39.1250043470
4.8200000000   0.0569930891  -0.9079857532   6.8980450881 -42.4309413981
4.8300000000  -0.1506317464  -1.2238998223   6.9054392574 -48.1789576770
4.8400000000  -0.3820996563  -1.4981855889   6.8939539905 -51.6200771672
4.8500000000  -0.6341878896  -1.7735147692   6.8964246971 -51.2224840327
4.8600000000  -0.8961426320  -2.0621387848   6.8976458399 -48.7682293091
4.8700000000  -1.1614198405  -2.3304397163   6.8574748683 -51.5844478012
4.8800000000  -1.4503468086  -2.5776203505   6.8899669288 -54.6109836433
4.8900000000  -1.7489853889  -2.8064645602   6.8506538717 -55.5475166987
4.9000000000  -2.0423383783  -3.0616797135   6.9005974216 -54.6720545120
4.9100000000  -2.3412906510  -3.2864697318   6.8663582271 -59.6424887338
4.9200000000  -2.6235679942  -3.4921853557   6.9094196064 -66.6148909566
4.9300000000  -2.9147964119  -3.6594183354   6.8557295447 -74.0850197545
4.9400000000  -3.2338600152  -3.8695578716   6.8657268576 -76.1394174169
4.9500000000  -3.5134422558  -4.0895283904   6.8616162090 -75.1655546021
4.9600000000  -3.8086005299  -4.2422936383   6.8557094287 -82.2533578555
4.9700000000  -4.0753057917  -4.3533685900   6.8387390152 -87.6550650827
4.9800000000  -4.3203721211  -4.4572989426   6.8192761143 -89.3888105514
4.9900000000  -4.5075429741  -4.5358407491   6.7685511576 -95.5651961368
5.0000000000   -4.6904659417   -4.6159979323    6.5976201121 -102.0861580025
5.0100000000   -4.8953519387   -4.6933589666    6.4410739053 -103.8591117900
5.0200000000   -5.0588456373   -4.7583292756    6.3149173370 -111.5101482157
5.0300000000   -5.2467701530   -4.8264319148    6.1351233206 -117.3290289823
5.0400000000   -5.4596744507   -4.8984016660    5.9612870998 -122.3493809293
5.0500000000   -5.6560922822   -4.9731858895    5.7952520454 -129.4520484024
5.0600000000   -5.8908363727   -5.0130101867    5.6572754589 -135.1308873942
5.0700000000   -6.1294163219   -5.0612798260    5.5662417372 -143.5143721087
5.0800000000   -6.3925135372   -5.0491725577    5.5264161323 -150.2781452704
5.0900000000   -6.6899811641   -4.9636358343    5.5453503372 -152.4948023136
5.1000000000   -6.9829183942   -4.8497228963    5.5173143254 -158.5773308733
5.1100000000   -7.2394171581   -4.7092978820    5.5106759760 -171.5263712819
5.1200000000  -7.4606198486  -4.5384459341   5.5281354108 179.4966817159
5.1300000000  -7.6990416108  -4.3162093876   5.5079256434 179.1791503743
5.1400000000  -7.8985102965  -4.0942787102   5.5068240190 178.4490178864
5.1500000000  -8.0324770406  -3.9244950787   5.4081086035 172.5553644746
5.1600000000  -8.1597445213  -3.7408526259   5.2486986154 170.5653289492
5.1700000000  -8.2386860842  -3.5362125646   5.1041986323 166.9161889402
5.1800000000  -8.3166908615  -3.3571755639   4.9778710374 160.3875963655
5.1900000000  -8.3759717389  -3.1541434871   4.8519926412 155.5671275615
5.2000000000  -8.4183588368  -2.9577582537   4.7362755712 146.6557054990
5.2100000000  -8.4452523587  -2.7417957031   4.6169854439 137.7361836685
5.2200000000  -8.4285643098  -2.4766384490   4.5406746715 129.7414410829
5.2300000000  -8.3901285259  -2.2186741581   4.5227607702 117.8791083561
5.2400000000  -8.3298471908  -1.9597042311   4.5509175731 106.9007625377
5.2500000000 -8.1948571238 -1.7327478174  4.5201898094 99.0591033754
5.2600000000 -8.0105994018 -1.5044947675  4.5327133494 93.1782005336
5.2700000000 -7.8277962029 -1.3152474817  4.5523942504 86.5616551560
5.2800000000 -7.6474633000 -1.1186178548  4.5190301778 86.1152442728
5.2900000000 -7.4758441218 -0.9672751169  4.4646125916 88.6041133714
5.3000000000 -7.2751039676 -0.8737600283  4.3253171433 88.6043386291
5.3100000000 -7.1044717639 -0.7864392083  4.2298616932 86.1148202001
5.3200000000 -6.9331332869 -0.6966340553  4.1050907303 83.4572619838
5.3300000000 -6.7366231172 -0.6166601542  3.9640950230 81.4987261363
5.3400000000 -6.5662222921 -0.5350534753  3.7956091416 79.4416451312
5.3500000000 -6.3957398302 -0.4687783218  3.6269980277 76.3512701045
5.3600000000 -6.2194761966 -0.3783072648  3.5051055106 74.1965520593
5.3700000000 -6.0684876492 -0.3121626805  3.3535791957 68.5187212539
5.3800000000 -5.8836577106 -0.2568072310  3.1921240052 65.7323326191
5.3900000000 -5.7123538494 -0.1850390689  3.0418457650 62.1370525386
5.4000000000 -5.5106012323 -0.1220748125  2.8809564738 62.3598698770
5.4100000000 -5.3155699611 -0.0896162086  2.7944382882 58.0296873949
5.4200000000 -5.1140780417 -0.1150867614  2.6488855461 51.2798508810
5.4300000000 -4.8917473395 -0.2056411763  2.5892916307 44.0261861033
5.4400000000 -4.6642871386 -0.3499322827  2.5784196143 40.3042948081
5.4500000000 -4.4643454365 -0.5517463097  2.6089069904 33.2956610951
5.4600000000 -4.2936428892 -0.7760513475  2.5946024500 33.5501983587
5.4700000000 -4.1264039684 -1.0485673085  2.5877280378 37.1718302068
5.4800000000 -3.9597514624 -1.2625223696  2.5926057931 42.2778337867
5.4900000000 -3.8208602517 -1.4361093332  2.5011716324 40.6443215665
5.5000000000 -3.6608264754 -1.6045403571  2.3571400575 44.3128877262
5.5100000000 -3.5239035373 -1.7995820978  2.2022904579 47.0210308856
5.5200000000 -3.3643372099 -1.9760464138  2.0842549911 47.4630348018
5.5300000000 -3.1844913720 -2.1617466442  1.9834312278 49.6822627023
5.5400000000 -2.9377827481 -2.3860799743  1.8356653410 54.7967289790
5.5500000000 -2.6484030185 -2.6388324641  1.7814591142 54.2072079805
5.5600000000 -2.3289290261 -2.9079689338  1.7418477096 59.6799091566
5.5700000000 -1.9654074845 -3.1332887241  1.7820337621 66.0322542654
5.5800000000 -1.5998968288 -3.3133727246  1.7897169164 72.1118064087
5.5900000000 -1.2318309478 -3.4785493681  1.8266450419 72.3311236009
5.6000000000 -0.8538182810 -3.6273855045  1.8174166513 75.4432314558
5.6100000000 -0.4696140216 -3.7401999727  1.8514255878 80.5302545093
5.6200000000 -0.0539158757 -3.8157048101  1.8596483234 84.0671786394
5.6300000000  0.3581318651 -3.8390127238  1.8821782071 85.9676559230
5.6400000000  0.7631079436 -3.8723961400  1.8913705851 86.2807653484
5.6500000000  1.1672117866 -3.9303019796  1.8962766820 85.5606101694
5.6600000000  1.5780780660 -3.9699006937  1.9130830659 84.6679996568
5.6700000000  1.9778632539 -4.0465606558  1.8865299807 78.3801259120
5.6800000000  2.3906909442 -4.1707207004  1.9298606184 72.9246312337
5.6900000000  2.8078490195 -4.2991762007  1.8914319587 72.3244440753
5.7000000000  3.2143822284 -4.3818896228  1.9536563021 73.9116311356
5.7100000000  3.6069687944 -4.4927963406  1.9061528927 72.5653263373
5.7200000000  3.9953678065 -4.6199619491  1.9526761989 68.0815816106
5.7300000000  4.3774361072 -4.7534014464  1.8815668927 67.0176531638
5.7400000000  4.7902470005 -4.8600387324  1.9394190076 71.8044485839
5.7500000000  5.1885327492 -4.9494683302  1.9041350248 75.0246417137
5.7600000000  5.5962188713 -5.0550640609  1.9527004488 73.2694701939
5.7700000000  5.9758409505 -5.1577602614  1.9480622088 73.2247187812
5.7800000000  6.3853713603 -5.2279319489  1.9774097913 78.9691539907
5.7900000000  6.7998961749 -5.2580257014  1.9661031136 84.7680766891
5.8000000000  7.2128537321 -5.2845454578  1.9640198667 85.3876585084
5.8100000000  7.6237078732 -5.3214896056  1.9540482559 87.1298390267
5.8200000000  8.0258678429 -5.3400010357  1.9627051686 93.0304045395
5.8300000000  8.4376429630 -5.2989489924  1.9914361466 98.9923293058
5.8400000000   8.8423119313  -5.2347239550   1.9700282262 102.5297252243
5.8500000000   9.2457083473  -5.1631259879   2.0026491961 105.2406225786
5.8600000000   9.6510882898  -5.0971444939   1.9582432864 107.8317437617
5.8700000000  10.0596684717  -4.9682399043   1.9946699567 112.5735432354
5.8800000000  10.4674291043  -4.8264060435   1.9409169544 114.9554803667
5.8900000000  10.8942242572  -4.6921574522   1.9911347187 113.0268799642
5.9000000000  11.3012067199  -4.5657170025   1.9611696453 114.5303105394
5.9100000000  11.6885797472  -4.3835600592   2.0232591285 121.2596672175
5.9200000000  12.0488263670  -4.1801016413   1.9965887761 126.6840855851
5.9300000000  12.4092077071  -3.9692590220   2.0224329325 129.2430498520
5.9400000000  12.7562850883  -3.7615604252   1.9933721744 130.8678038828
5.9500000000  13.1018396992  -3.5121864602   2.0233252333 134.7178523513
5.9600000000  13.3927941161  -3.2253120280   2.0179821507 138.9883371664
5.9700000000  13.6950426439  -2.9161277473   2.0340423187 140.1598705981
5.9800000000  13.9775435072  -2.6095820060   2.0321284039 142.0715538002
5.9900000000  14.2438712816  -2.2927407667   2.0378245146 147.2863535010
6.0000000000  14.4523628441  -1.9485788286   2.0705712147 153.5565291131
6.0100000000  14.6566966326  -1.5828886433   2.0210754035 156.0654133140
6.0200000000  14.8441595066  -1.2243604281   2.0600103958 157.5746863702
6.0300000000  15.0243135237  -0.8469994581   2.0178810539 162.2610753926
6.0400000000  15.1670670981  -0.4409181109   2.0665426632 168.3611186594
6.0500000000  15.2934402472  -0.0407598448   2.0225717159 170.2129719874
6.0600000000  15.4139156067   0.3536969094   2.0740460534 169.7011938074
6.0700000000  15.5233461304   0.7627780748   2.0223167718 173.3343681576
6.0800000000   15.5915714949    1.1828033064    2.0844080276 -178.7323015606
6.0900000000   15.6401534128    1.5923730036    2.0333633555 -174.7862575647
6.1000000000   15.6707839303    2.0144729053    2.0652515340 -175.1022561797
6.1100000000   15.6893085997    2.4354865194    2.0236408133 -172.5716658239
6.1200000000   15.6607052714    2.8765982496    2.0669003812 -165.7865618846
6.1300000000   15.5813365397    3.2713918315    2.0591683503 -159.6586850334
6.1400000000   15.4897089295    3.6966713396    2.0516866210 -159.1545834966
6.1500000000   15.3917934130    4.0925924977    2.0419203480 -157.9330938128
6.1600000000   15.2762783384    4.4897792217    2.0318722197 -153.5729634725
6.1700000000   15.1314424431    4.8643898621    2.0536027236 -148.8892266201
6.1800000000   14.9672777213    5.2533675643    2.0233650097 -147.3934628590
6.1900000000   14.8113393850    5.6232916880    2.0551342296 -146.1290925015
6.2000000000   14.6293397551    6.0107772546    2.0205255707 -141.8936718216
6.2100000000   14.4006802234    6.3661600202    2.0668635898 -135.6728947064
6.2200000000   14.1491213734    6.7159482141    2.0164589042 -132.8306491201
6.2300000000   13.8991255755    7.0520092280    2.0594801302 -132.2624862625
6.2400000000   13.6323117764    7.3796713980    2.0183789869 -128.6954857504
6.2500000000   13.3265340310    7.6585332040    2.0888686266 -122.5694802834
6.2600000000   12.9887084309    7.9232951793    2.0444481542 -117.6511303792
6.2700000000   12.6391494223    8.1812400907    2.0637796686 -115.0790639330
6.2800000000   12.3040528139    8.4218243055    2.0254041903 -113.0081816311
6.2900000000   11.9339066008    8.6300300065    2.0520016961 -108.6944992215
6.3000000000   11.5646324275    8.7881164252    2.0282401756 -104.5542346557
6.3100000000   11.1861251032    8.9422430969    2.0414869051 -105.9529523873
6.3200000000   10.8076974860    9.0824972078    2.0365804960 -104.0573433926
6.3300000000  10.4193684862   9.2195171157   2.0390208277 -99.7669550707
6.3400000000  10.0322125508   9.3028692045   2.0565526076 -96.0103497452
6.3500000000   9.6335601639   9.3803148044   2.0317879931 -95.7702624454
6.3600000000   9.2377149968   9.4477642306   2.0680576416 -94.8634141832
6.3700000000   8.8442670765   9.5080392416   2.0259244089 -91.8728045683
6.3800000000   8.4297624263   9.5059495624   2.0763644878 -85.5407713316
6.3900000000   8.0251763017   9.4994066832   2.0286254759 -82.8146769721
6.4000000000   7.6070454095   9.4898061255   2.0781287449 -81.0566090546
6.4100000000   7.1902331559   9.4776538625   2.0320841289 -78.1760849856
6.4200000000   6.7731864768   9.4218604606   2.0642837091 -72.0951595950
6.4300000000   6.3759618135   9.3473277545   2.0171356356 -69.2122982432
6.4400000000   5.9699114395   9.2555915793   2.0447990515 -71.3460040527
6.4500000000   5.5849382290   9.1366098697   2.0263694293 -69.5865070107
6.4600000000   5.1972040088   8.9674823720   2.0605983609 -62.2448214103
6.4700000000   4.8403055328   8.7653417426   2.0476947969 -57.4068788460
6.4800000000   4.4866814362   8.5626658639   2.0636222521 -56.8848687048
6.4900000000   4.1403401053   8.3434742210   2.0627428090 -55.0480553908
6.5000000000   3.8155529430   8.1090881213   2.0598984443 -49.9729660615
6.5100000000   3.5312213339   7.8306287247   2.1011142917 -44.7933493996
6.5200000000   3.2517531651   7.5505497219   2.0779455017 -44.3188658298
6.5300000000   2.9695106785   7.2651366656   2.1207255804 -43.7493644329
6.5400000000   2.7042778595   6.9747473254   2.0855509993 -39.5726702247
6.5500000000   2.4516297552   6.6454988800   2.1231823403 -33.3216069457
6.5600000000   2.2272817606   6.3123341227   2.0784465713 -30.2046976744
6.5700000000   1.9967954442   5.9826035159   2.1160506754 -30.9212286897
6.5800000000   1.7807632069   5.6501333553   2.0815360828 -28.9818602142
6.5900000000   1.5884078634   5.2885464157   2.0978439293 -24.0527192214
6.6000000000   1.4395828876   4.9484475338   2.1062859390 -21.0507285999
6.6100000000   1.2732116382   4.5876573354   2.1131918579 -22.1301273569
6.6200000000   1.1226685040   4.2343813531   2.1231926394 -21.1991404979
6.6300000000   0.9585822325   3.8805142074   2.1078273175 -18.2661688589
6.6400000000   0.8383513593   3.5311455612   2.1393426763 -16.3162786026
6.6500000000   0.7297185674   3.1827221882   2.1262218272 -16.1505864389
6.6600000000   0.6239942626   2.8350669112   2.1816308582 -15.9952597918
6.6700000000   0.5141182378   2.4888914873   2.1652019780 -11.2115528776
6.6800000000  0.4048748639  2.1359593989  2.1874743627 -7.6847337903
6.6900000000  0.3156526895  1.8114232618  2.1642207696 -6.4696725201
6.7000000000  0.2259961914  1.4969716505  2.1511754999 -7.6022843056
6.7100000000  0.1348150374  1.2220188348  2.1210896904 -8.1165850487
6.7200000000  0.0321158564  0.9912979734  2.0786373915 -9.0502616750
6.7300000000  -0.0497609208   0.8312688169   2.0357220689 -12.6086035343
6.7400000000  -0.0993676147   0.7625906308   2.0034816136 -14.1359549719
6.7500000000  -0.1111653819   0.7210997287   1.9856989977 -14.6841391478
6.7600000000  -0.1142564240   0.7032913362   1.9744809847 -14.7765420400
6.7700000000  -0.1109712787   0.7024929761   1.9714142624 -14.2931845192
6.7800000000  -0.1065446032   0.7007727785   1.9656460584 -13.9412884273
6.7900000000  -0.1044634183   0.7006379938   1.9653153127 -13.7208139081
6.8000000000  -0.1042553922   0.7000563452   1.9646094322 -13.7104189727
6.8100000000  -0.1043447278   0.6995551177   1.9636582621 -13.6982171969
6.8200000000  -0.1043947609   0.6994090347   1.9625061141 -13.6780377047
6.8300000000  -0.1047256556   0.6990725023   1.9612464301 -13.6769358252
6.8400000000  -0.1056013674   0.6989378855   1.9597721284 -13.6804800696
6.8500000000  -0.1060642062   0.6984971868   1.9577919532 -13.6766723642
6.8600000000  -0.1065374139   0.6985126848   1.9563712022 -13.6667661299
6.8700000000  -0.1075621928   0.6992367468   1.9555436429 -13.6603963662
6.8800000000  -0.1078497921   0.6994336936   1.9546364900 -13.6587451943
